66 70 71 74 72 74 74 75 75 73 70 76 77 79 78 75 77 74 75 74 76 76 83 78 73 75 82 87 80 79 73 73 65 63 61 66 61 52 54 48 39 36 30 24 19 13 9 3 -9 -15 -21 -27 -33 -44 -46 -59 -61 -65 -70 -78 -83 -99 -104 -111 -117 -122 -127 -132 -134 -140 -142 -147 -149 -153 -158 -158 -154 -160 -164 -163 -161 -166 -169 -173 -178 -175 -175 -169 -174 -174 -173 -173 -178 -176 -175 -179 -179 -178 -176 -173 -171 -174 -173 -179 -179 -176 -172 -177 -174 -167 -171 -169 -174 -167 -168 -179 -174 -175 
-175 -173 -173 -176 -176 -178 -173 -172 -170 -173 -178 -177 -175 -174 -174 -171 -176 -173 -175 -173 -169 -173 -170 -168 -173 -169 -166 -161 -165 -164 -155 -149 -143 -140 -140 -135 -128 -121 -117 -103 -101 -93 -85 -78 -76 -66 -58 -49 -43 -40 -37 -33 -27 -29 -26 -12 -9 -8 3 1 17 16 18 26 28 35 32 32 40 48 53 53 58 58 61 58 62 63 69 67 70 70 69 63 65 65 65 65 67 65 64 64 64 64 64 64 61 69 58 61 58 63 64 61 60 68 63 66 60 62 59 69 66 60 61 60 62 68 61 63 59 
56 59 64 62 56 61 66 62 57 57 57 63 60 64 67 65 70 79 84 83 84 92 93 101 102 107 114 119 127 135 135 140 147 152 145 148 148 154 151 153 138 145 140 134 133 137 137 130 118 119 112 111 112 111 107 113 108 109 106 110 108 106 106 110 116 118 115 104 104 111 115 106 111 113 113 115 116 113 104 112 117 113 114 112 112 111 114 119 115 109 114 112 117 119 119 119 120 115 117 117 115 115 122 122 125 
121 119 121 121 127 121 117 125 125 127 130 136 131 141 144 146 146 146 142 139 131 131 128 116 113 99 99 93 84 75 74 65 65 60 60 54 48 42 34 33 32 36 33 31 28 22 26 24 22 24 19 25 27 27 30 30 38 32 34 32 32 32 30 38 37 37 42 42 36 39 34 39 39 36 39 40 40 40 40 43 42 39 43 40 37 46 46 42 42 40 41 43 41 
45 42 45 44 47 46 46 44 46 48 48 50 47 45 46 48 51 48 50 54 51 50 55 60 57 55 57 68 73 78 80 83 85 92 94 105 112 118 120 133 134 139 147 155 159 168 172 176 185 186 186 191 197 199 207 211 213 222 216 232 232 234 239 239 248 248 253 251 252 258 255 260 260 265 256 258 260 261 262 261 262 261 264 256 262 258 260 262 262 261 261 261 262 256 258 260 262 259 261 263 263 268 264 263 268 257 257 262 263 266 257 
264 261 256 259 262 260 258 263 262 264 264 256 262 263 263 259 259 263 258 259 256 257 248 247 247 243 244 236 233 227 224 224 219 216 209 202 191 190 190 186 177 174 172 166 157 161 151 134 134 118 122 122 106 103 105 96 101 95 97 96 92 91 93 93 96 89 90 85 83 83 86 80 85 88 83 81 72 79 80 82 81 81 83 77 74 80 76 79 75 74 73 75 75 80 77 75 75 72 74 65 73 75 73 79 76 70 67 73 71 70 75 68 71 70 69 71 69 68 68 66 70 64 67 68 62 63 69 71 67 69 64 58 67 67 64 66 63 68 67 65 67 64 62 65 65 65 64 59 63 68 70 
64 63 63 61 67 64 63 69 71 70 70 72 75 70 70 64 66 65 61 65 66 68 62 61 58 55 54 55 58 54 50 53 54 51 50 52 49 51 53 47 42 47 46 43 43 43 42 38 38 36 33 27 32 35 30 26 26 27 27 28 21 22 24 22 23 23 20 28 33 34 29 31 30 34 34 33 33 38 35 37 36 35 35 40 42 45 45 40 45 43 42 35 37 46 42 36 36 42 42 44 41 40 42 42 42 46 49 44 49 50 47 44 48 52 46 46 40 45 49 55 44 48 53 
48 43 42 38 41 48 42 42 45 39 37 42 48 38 38 38 38 45 41 39 36 37 40 37 38 37 31 23 24 27 20 23 23 19 27 26 28 22 18 18 16 11 12 14 17 14 16 15 17 14 17 24 19 22 19 21 17 27 28 30 30 33 29 28 31 35 35 35 32 34 36 42 44 44 51 47 47 44 49 50 52 48 52 57 54 55 49 49 54 55 51 52 53 48 51 48 56 50 56 56 62 58 53 55 55 53 47 55 
58 51 46 54 54 54 56 57 51 49 51 51 52 51 48 47 49 51 56 51 55 50 48 52 51 46 50 49 51 50 50 51 49 45 49 53 49 49 48 51 43 48 49 50 50 50 49 46 43 42 33 30 25 22 17 11 8 6 -5 -15 -20 -21 -24 -26 -37 -39 -43 -45 -53 -58 -65 -62 -77 -79 -80 -82 -87 -89 -91 -93 -97 -108 -116 -121 -109 -122 -121 -120 -121 -124 -129 -131 -124 -132 -134 -139 -138 -134 -139 -135 -139 -138 -140 -137 -133 -133 -138 -140 -137 -135 -134 -136 -132 -134 -129 -131 -132 -132 -132 -132 -132 -128 -130 -127 -122 -123 -118 -123 -126 -126 -123 -123 -121 -123 -127 -127 -124 -123 -123 -123 -125 -127 -127 -122 -127 -128 -131 -131 -139 -127 
-130 -127 -126 -128 -135 -134 -134 -133 -133 -138 -140 -141 -148 -139 -140 -137 -139 -136 -144 -144 -145 -142 -140 -145 -146 -146 -142 -142 -138 -133 -130 -133 -129 -125 -117 -117 -117 -108 -105 -104 -100 -97 -95 -89 -91 -91 -79 -72 -64 -68 -61 -57 -54 -48 -43 -42 -39 -31 -31 -30 -24 -25 -19 -12 -12 -8 -2 3 8 10 12 14 17 18 16 22 25 33 30 32 32 33 34 40 43 43 39 43 44 43 46 48 52 52 53 49 54 50 52 54 50 52 58 60 59 58 56 54 56 61 65 61 56 61 63 60 65 62 56 57 54 56 58 57 54 54 50 52 53 54 49 49 43 45 46 51 49 54 54 51 56 51 58 60 50 55 
55 56 50 52 53 50 53 53 50 55 54 56 56 55 50 54 49 48 57 57 56 55 52 60 58 59 57 47 55 51 51 51 60 60 55 59 61 64 62 64 69 71 79 80 82 84 91 90 90 96 88 92 100 99 96 92 93 104 104 101 101 103 99 100 100 91 90 88 88 90 93 81 82 79 86 87 82 79 81 82 84 78 79 75 77 79 77 79 81 71 77 78 80 85 82 84 80 84 81 87 85 83 83 83 80 88 84 86 83 80 85 82 84 84 81 83 78 79 84 78 81 78 79 79 82 80 80 80 82 84 85 82 79 76 79 80 87 84 81 84 89 86 83 
81 80 83 87 84 80 82 83 83 81 83 85 79 81 82 82 87 82 84 81 85 82 82 81 84 87 86 92 89 86 87 84 86 79 81 76 67 60 56 54 52 49 45 34 37 33 35 31 26 26 34 28 25 25 24 23 24 24 26 28 24 30 31 33 30 30 30 35 40 34 31 34 34 36 33 35 37 40 40 36 40 34 36 40 40 34 39 39 39 41 39 35 37 34 32 35 35 40 42 33 40 39 37 35 38 38 34 36 40 34 34 34 
35 35 35 37 33 41 29 34 39 39 36 36 33 33 30 35 35 33 37 39 41 47 48 51 48 56 51 53 55 52 58 59 61 62 67 70 74 77 91 88 87 98 98 107 107 104 112 117 113 117 122 124 125 132 135 135 137 142 147 145 154 157 160 165 169 171 163 176 171 173 181 184 184 187 188 184 192 194 195 200 197 200 204 209 210 215 220 209 215 218 218 213 221 222 215 215 212 212 212 214 213 213 214 210 218 212 208 205 211 213 207 209 207 207 210 210 215 208 209 210 206 208 202 209 200 206 206 205 210 204 208 210 213 211 211 209 214 208 208 199 211 210 204 209 209 206 205 202 205 204 209 
211 205 204 193 197 205 208 209 203 205 206 207 209 205 202 199 201 204 192 195 195 194 183 188 186 179 181 172 174 165 170 164 161 147 142 136 139 133 126 118 114 114 113 107 103 99 96 90 90 90 87 80 78 77 70 67 67 62 62 59 64 59 49 57 58 53 48 48 48 50 50 45 41 41 50 46 50 50 50 49 46 51 47 47 51 48 48 49 40 45 44 49 51 48 50 49 51 49 50 45 45 48 48 52 50 49 49 43 45 47 50 44 46 47 42 51 46 46 44 43 48 42 43 43 46 48 48 49 43 44 46 47 44 46 43 39 40 46 45 43 53 43 45 45 49 46 43 42 40 40 43 42 40 47 42 48 42 39 42 39 50 45 36 40 42 38 44 44 46 45 43 45 42 42 44 44 44 47 47 41 43 37 44 44 
48 43 40 45 46 41 47 44 44 44 40 43 40 42 43 41 41 40 45 37 40 34 34 34 34 29 28 25 21 21 21 14 17 6 12 14 12 4 4 -4 -1 -2 -4 -9 -8 -11 -13 -13 -18 -22 -22 -21 -22 -27 -34 -31 -28 -36 -30 -30 -32 -29 -37 -42 -43 -41 -34 -38 -38 -32 -28 -34 -33 -35 -33 -30 -30 -29 -29 -31 -31 -28 -19 -28 -24 -28 -29 -25 -22 -20 -21 -23 -28 -19 -22 -27 -18 -21 -18 -23 -20 -20 -25 -22 -19 -27 -22 -19 -21 -21 -19 -18 -21 -21 -23 -24 -27 -29 -28 -28 -23 -23 -26 -23 -17 -24 
-29 -24 -24 -23 -22 -19 -24 -24 -22 -22 -24 -26 -26 -26 -27 -25 -28 -25 -24 -26 -23 -27 -34 -31 -27 -36 -33 -33 -30 -31 -37 -38 -37 -41 -36 -44 -41 -41 -35 -32 -29 -31 -31 -35 -32 -30 -29 -29 -28 -27 -27 -24 -16 -16 -18 -15 -12 -12 -8 -7 -1 -1 0 -5 -4 0 -4 -3 4 8 7 3 2 2 2 5 8 11 13 8 13 9 14 14 11 16 12 8 17 14 14 11 15 17 14 17 17 17 12 12 16 13 18 
26 30 29 34 28 35 32 32 28 39 33 33 34 33 35 33 31 21 12 2 4 -10 -9 -9 -10 -13 -18 -28 -34 -36 -41 -40 -47 -52 -57 -63 -67 -72 -83 -88 -99 -101 -103 -103 -108 -114 -129 -138 -137 -139 -145 -147 -149 -157 -157 -153 -155 -155 -157 -166 -168 -163 -163 -170 -170 -163 -173 -164 -169 -166 -160 -165 -161 -161 -160 -160 -159 -154 -149 -150 -150 -149 -149 -146 -148 -149 -153 -145 -147 -147 -141 -143 -134 -136 -144 -144 -141 -138 -143 -140 -141 -136 -141 -140 -142 -142 -145 -139 -134 -141 -147 -149 -142 -144 -150 -145 -139 -143 -146 
-148 -150 -141 -145 -145 -147 -144 -152 -153 -153 -153 -154 -156 -154 -158 -160 -162 -167 -163 -165 -164 -166 -165 -166 -163 -158 -153 -147 -152 -142 -136 -134 -126 -120 -118 -105 -100 -99 -94 -82 -72 -67 -62 -50 -45 -43 -35 -31 -23 -23 -20 -8 -8 3 3 10 10 7 13 15 23 27 27 34 39 35 40 40 37 35 35 39 40 42 38 38 40 41 39 33 33 45 39 41 43 42 45 44 46 43 43 
100 98 96 93 93 95 97 96 97 97 97 101 99 97 100 97 99 99 97 102 102 107 102 105 105 102 104 109 111 110 110 111 111 113 118 121 118 121 121 118 120 111 113 116 110 104 102 107 107 101 97 94 99 93 93 92 87 86 91 87 89 86 89 88 85 88 85 88 90 90 93 91 89 93 90 92 92 92 97 95 90 99 92 94 94 91 94 92 90 87 94 92 94 97 88 91 88 90 93 87 90 95 89 89 89 89 83 93 90 94 
94 88 89 91 96 91 94 88 86 87 89 94 94 96 91 98 98 92 88 95 96 93 98 91 86 84 88 83 80 74 78 76 67 67 70 65 63 68 69 60 62 61 68 59 64 61 61 61 54 56 63 51 56 49 57 55 57 61 58 55 60 66 57 63 64 64 58 65 58 63 66 62 61 63 62 59 56 58 59 67 58 58 62 59 64 61 58 60 63 58 62 63 60 60 63 58 60 61 61 64 64 60 57 62 59 62 60 62 62 59 61 61 63 63 61 66 60 62 
98 93 93 104 99 96 98 95 98 97 97 94 99 96 97 94 94 98 93 98 94 90 86 82 84 81 78 70 70 65 59 59 51 42 40 37 34 31 25 14 8 8 1 -5 -16 -18 -23 -30 -35 -43 -51 -62 -72 -70 -72 -84 -92 -86 -98 -97 -103 -112 -110 -119 -121 -121 -123 -128 -133 -127 -128 -132 -129 -131 -131 -125 -126 -131 -122 -122 -122 -121 -123 -118 -118 -120 -122 -124 -120 -122 -119 -124 -122 -119 -125 -123 -121 -118 -118 -116 -125 -124 -133 -124 -125 
-121 -117 -126 -126 -130 -122 -126 -123 -123 -122 -126 -128 -130 -127 -129 -129 -128 -130 -130 -127 -121 -121 -120 -120 -122 -117 -120 -106 -108 -105 -102 -99 -96 -90 -75 -68 -62 -56 -49 -38 -27 -23 -18 -9 0 3 12 18 23 27 27 35 38 39 46 50 50 59 59 61 67 67 72 78 72 74 75 78 81 85 84 86 81 95 85 89 89 87 81 90 90 90 92 92 85 86 88 91 91 101 97 97 99 91 99 104 103 103 105 102 99 99 106 103 103 100 102 99 103 106 99 100 96 101 106 102 98 93 96 101 102 96 100 96 97 99 99 101 96 104 101 99 99 97 99 96 100 102 100 
106 106 103 101 101 100 102 102 97 98 103 103 105 102 99 102 99 96 94 102 101 102 96 103 100 105 100 100 100 108 110 102 107 109 102 104 112 114 120 120 122 124 132 134 131 138 143 149 149 159 159 164 174 166 177 187 191 202 204 206 212 217 219 216 224 228 222 226 236 232 233 241 245 245 250 248 254 252 254 256 265 266 271 265 270 269 271 276 273 271 273 275 277 282 282 276 277 278 275 273 280 273 271 265 268 270 269 269 267 270 272 274 271 271 275 277 276 273 271 274 270 274 272 273 274 274 271 272 269 274 271 269 274 271 273 278 271 274 275 275 277 274 282 
276 268 276 272 275 273 273 274 272 271 270 267 270 273 267 271 268 266 267 262 263 261 262 256 258 256 253 250 242 243 244 242 239 227 222 213 212 212 209 200 200 191 188 176 178 169 169 161 162 163 158 156 145 138 140 140 133 133 129 122 125 122 116 116 112 111 115 110 113 109 110 107 109 106 106 104 103 103 103 106 103 105 108 109 104 103 106 105 105 104 104 105 98 104 102 106 98 105 98 103 97 104 107 109 102 102 104 108 103 108 110 107 102 103 108 104 102 107 107 107 105 105 110 105 105 111 114 109 104 108 108 104 106 104 105 113 105 104 108 108 100 113 110 106 113 107 
65 70 68 61 60 59 62 58 63 61 61 62 61 67 58 58 55 54 50 58 52 51 45 45 45 45 36 37 31 35 29 29 24 21 12 14 8 8 8 10 2 0 -2 -6 -8 -5 -9 -11 -7 -12 -7 -16 -16 -13 -16 -17 -11 -13 -14 -17 -10 -13 -16 -15 -15 -18 -18 -14 -11 -13 -7 -20 -14 -11 -8 -10 -11 -11 -13 -7 -12 -17 -11 -13 -14 -21 -11 -12 -17 -17 -11 -14 -11 -10 -18 -14 -13 -12 -14 -19 -18 -12 -14 -18 -15 -18 -20 -24 -18 -15 -13 -15 -14 -11 -13 -15 -29 -22 -19 -14 -22 -17 -17 -17 -17 -13 -21 -14 -10 -15 -15 -15 -13 -16 -15 -22 -20 -21 -18 -14 -16 -19 -24 -18 -11 -14 
-14 -15 -17 -14 -11 -9 -11 -13 -14 -15 -9 -15 -16 -19 -11 -9 -6 -21 -18 -16 -20 -22 -23 -23 -22 -17 -16 -16 -21 -24 -15 -18 -29 -20 -19 -14 -17 -14 -16 -18 -12 -15 -10 -7 -1 -2 0 0 5 5 5 9 15 17 19 23 24 17 21 22 23 24 28 33 32 36 34 40 36 38 44 48 52 46 46 44 46 43 48 53 53 52 52 51 53 51 51 56 54 51 53 54 54 56 57 60 63 57 55 55 49 49 52 52 58 55 60 57 56 
17 14 8 13 21 22 21 19 19 16 16 20 15 15 15 15 14 21 18 19 17 11 15 15 17 14 14 14 13 15 20 20 17 24 19 14 12 6 1 -2 -5 -10 -9 -20 -24 -28 -33 -33 -35 -43 -44 -47 -62 -70 -78 -78 -86 -92 -97 -100 -103 -112 -114 -117 -117 -121 -128 -126 -132 -130 -132 -134 -135 -137 -137 -131 -130 -121 -121 -121 -118 -114 -114 -109 -111 -102 -102 -85 -74 -76 -66 -68 -56 -51 -38 -36 -38 -33 -36 -40 -33 -30 -35 -38 -40 -41 -42 -44 -49 -55 -51 -45 -50 -54 -56 -64 -63 -65 -68 -68 -70 -80 -79 -87 -91 -103 -112 -120 -131 -139 -145 -156 -151 -151 
-152 -151 -145 -144 -135 -137 -128 -122 -116 -113 -105 -99 -81 -80 -68 -60 -55 -36 -35 -23 -11 -6 -1 5 10 23 21 21 25 32 36 38 42 41 46 44 48 50 53 47 48 48 48 53 51 48 48 50 49 45 50 45 44 46 40 44 42 42 44 45 39 42 41 39 39 35 43 43 34 36 41 52 41 32 37 38 41 41 38 31 38 32 37 34 32 32 33 38 33 37 
55 54 54 53 56 53 55 59 52 54 61 58 58 51 50 55 52 54 54 56 58 57 49 49 44 46 43 42 42 34 36 43 35 33 30 28 25 25 22 19 13 12 7 6 5 2 -1 -4 -5 -9 -12 -16 -15 -13 -18 -20 -20 -22 -16 -24 -18 -23 -18 -18 -20 -23 -23 -17 -18 -22 -18 -19 -17 -20 -14 -11 -13 -10 -10 -14 -15 -15 -20 -26 -35 -39 -63 -69 -73 -74 -65 -55 -49 -43 -29 -29 -26 -13 -9 -9 -9 -2 2 0 3 3 2 2 1 1 0 -2 -1 -5 -4 -4 -6 -14 
-15 -12 -15 -15 -11 -11 -11 -18 -12 -9 -15 -15 -19 -19 -19 -23 -23 -28 -29 -31 -36 -36 -40 -35 -32 -32 -34 -16 -7 -6 -7 6 1 0 9 11 10 11 11 0 16 16 10 7 12 16 16 17 16 13 16 7 15 14 18 18 16 19 16 19 21 26 31 28 38 35 31 32 37 39 44 41 48 47 50 50 51 55 55 62 57 65 66 64 64 61 65 64 64 68 65 71 72 66 68 
77 74 74 75 71 76 75 73 75 77 79 77 74 74 75 71 73 73 73 75 64 70 70 71 76 75 74 77 79 80 77 81 84 77 75 75 79 79 76 75 83 83 83 91 90 96 89 93 95 103 102 107 114 133 131 141 143 145 153 161 167 170 175 181 184 195 199 199 200 208 212 217 225 229 230 226 237 238 245 245 247 251 250 252 263 261 269 263 265 265 268 269 276 274 268 271 268 270 278 275 269 274 271 274 268 269 267 269 272 
269 262 262 265 266 270 267 269 263 269 268 265 267 265 274 268 267 268 263 265 261 267 265 261 257 261 253 251 245 242 244 238 235 231 225 222 223 216 210 207 207 207 200 188 190 186 177 174 168 159 160 157 151 145 136 130 132 122 118 115 112 100 99 93 96 99 98 95 91 95 88 79 78 79 83 82 82 79 81 81 84 89 91 91 95 90 90 90 90 87 94 89 89 89 89 90 88 90 88 84 92 88 92 97 94 85 
65 60 63 66 63 63 65 65 59 62 63 68 59 62 64 69 68 72 71 73 76 84 88 86 89 100 106 106 117 115 121 126 130 140 134 141 146 143 140 145 142 142 141 142 137 134 129 124 126 126 129 117 108 106 104 111 108 102 98 101 102 110 104 97 105 97 100 101 103 104 105 107 104 104 109 107 107 107 101 100 105 110 108 102 101 
105 103 97 97 99 104 104 96 98 103 100 99 97 99 95 93 97 102 100 102 104 109 109 111 109 112 117 116 121 126 131 126 130 128 121 121 114 117 105 101 96 93 85 76 73 76 67 61 58 58 55 52 51 54 53 53 47 47 43 49 46 48 52 50 52 52 56 57 54 57 54 56 58 52 52 53 50 48 53 61 53 54 57 48 62 59 59 62 59 62 59 53 55 58 52 56 57 57 55 53 55 58 60 64 60 57 54 62 58 58 56 58 62 56 53 56 61 58 55 56 55 57 57 57 57 55 59 56 
54 59 58 60 58 60 58 57 56 54 56 64 69 60 59 61 56 54 56 53 49 60 53 57 52 46 47 48 43 40 41 38 37 35 27 19 20 13 10 6 -1 -6 -17 -14 -19 -22 -34 -43 -47 -56 -65 -67 -69 -73 -79 -89 -96 -104 -112 -118 -120 -123 -123 -125 -130 -142 -147 -144 -149 -150 -151 -152 -149 -154 -161 -160 -160 -157 -162 -162 -168 -160 -157 -160 -159 -160 -165 -155 -153 -156 -153 -158 -153 -153 -150 -156 -154 -147 -152 -154 -150 -150 -156 -146 -146 -150 -146 -148 -148 -151 -158 -159 
-159 -161 -161 -155 -156 -150 -153 -161 -161 -154 -150 -159 -161 -165 -160 -158 -161 -158 -167 -161 -161 -164 -160 -161 -159 -161 -162 -162 -159 -157 -155 -155 -149 -148 -148 -144 -144 -139 -125 -127 -123 -121 -118 -111 -107 -92 -92 -86 -78 -70 -72 -65 -56 -58 -54 -47 -47 -41 -42 -36 -30 -26 -24 -19 -6 -7 -8 0 -4 4 7 15 15 15 16 24 23 20 28 32 35 37 38 43 36 39 41 43 47 41 38 39 37 37 40 41 45 42 45 42 46 43 47 46 43 47 45 46 51 47 48 41 
46 46 46 40 40 42 42 47 45 47 47 44 48 43 46 47 47 48 50 50 48 48 56 58 58 63 63 64 72 77 82 89 89 99 100 108 107 117 119 127 124 124 130 130 130 133 132 131 127 132 126 126 120 124 122 124 119 119 121 126 118 120 122 119 121 121 117 120 122 122 124 126 129 126 126 123 125 125 120 126 127 
119 122 123 118 124 123 122 122 122 122 128 128 125 123 120 125 121 127 130 130 127 127 124 126 120 120 114 112 113 99 93 91 89 85 85 70 67 64 52 52 52 52 50 47 43 45 50 48 45 48 47 44 49 54 54 51 48 54 51 56 50 47 50 52 53 55 50 55 56 61 58 52 55 61 59 60 64 62 60 54 51 57 61 59 55 57 58 
58 55 54 62 60 62 61 63 59 61 63 65 69 71 76 76 87 92 100 107 105 111 119 119 124 126 135 135 135 143 140 142 143 155 152 157 174 176 170 172 178 190 192 197 195 199 205 210 212 217 223 220 220 223 228 226 227 227 228 229 233 238 237 239 240 241 243 242 242 239 239 241 237 245 239 241 243 239 245 241 243 237 242 242 248 245 242 247 239 240 241 243 241 
241 248 240 235 243 249 237 243 237 243 237 236 236 235 237 234 225 227 224 220 216 205 200 189 188 178 171 162 155 144 139 131 120 116 107 95 95 93 88 85 85 79 73 69 74 71 66 68 64 61 64 63 59 57 56 61 59 59 64 55 61 63 59 67 60 58 57 61 58 58 58 63 69 63 68 65 64 65 70 59 67 67 61 72 
68 69 66 64 72 72 72 73 64 65 70 66 66 66 69 69 71 72 64 64 63 62 64 70 65 63 63 61 64 60 60 65 62 53 53 53 53 48 45 42 39 36 31 25 22 23 17 20 14 16 6 7 0 7 -1 -1 5 1 3 5 5 5 -3 0 1 9 9 5 13 11 13 12 12 11 16 19 14 19 16 16 14 17 17 15 21 21 23 28 30 24 24 29 26 31 25 25 32 23 17 26 27 26 27 32 24 26 26 31 22 23 28 31 24 26 28 25 29 29 31 
28 25 27 21 21 31 31 31 35 32 35 32 31 27 24 24 21 23 23 19 22 22 20 22 27 24 22 22 17 13 10 11 13 4 10 10 4 1 1 3 4 2 0 2 2 0 -3 -4 3 0 2 7 6 6 8 7 12 12 13 13 16 21 20 27 25 31 37 39 37 44 42 44 47 51 45 45 56 54 56 59 59 61 66 60 60 53 62 59 62 59 58 60 65 66 59 61 61 71 68 68 65 65 69 66 66 
28 33 32 31 33 29 26 28 30 27 27 27 24 20 17 19 16 14 9 9 9 6 3 -1 -5 -13 -15 -15 -17 -22 -28 -30 -35 -43 -50 -51 -55 -63 -63 -68 -75 -72 -80 -82 -85 -93 -95 -97 -101 -100 -107 -118 -115 -121 -123 -132 -132 -129 -131 -133 -138 -132 -140 -139 -141 -140 -145 -147 -147 -147 -148 -148 -143 -148 -145 -138 -140 -148 -149 -143 -143 -139 -141 -141 -132 -137 -136 -132 -132 -127 -126 -127 -129 -135 -132 -131 -128 -136 -133 -135 -139 -141 -138 -138 -141 -135 -139 
-138 -142 -139 -141 -139 -147 -144 -155 -154 -156 -159 -150 -150 -152 -148 -148 -142 -139 -136 -138 -131 -130 -132 -119 -121 -118 -117 -117 -104 -102 -102 -99 -93 -84 -77 -73 -66 -60 -60 -53 -50 -48 -36 -40 -41 -29 -30 -24 -28 -25 -17 -14 -13 -10 -7 -9 -4 0 3 -2 7 2 4 11 8 11 11 6 6 11 9 9 9 6 10 14 5 1 3 3 5 3 1 0 4 14 5 7 4 7 3 7 9 9 9 
11 6 7 6 4 9 12 12 14 10 14 21 27 24 32 38 38 41 50 47 59 65 67 75 66 68 81 84 79 82 88 81 83 84 84 82 89 84 84 84 85 86 83 79 81 83 83 84 84 78 78 83 80 77 78 80 82 77 84 86 88 82 84 74 79 86 84 88 80 76 84 
79 84 82 83 87 88 91 84 84 85 87 89 83 85 87 85 85 84 79 76 79 79 71 73 73 71 59 62 73 67 62 55 54 46 43 34 32 27 17 10 7 1 0 -7 -8 -13 -8 -15 -13 -12 -10 -11 -9 -13 -9 -6 -5 -5 -9 -7 -12 -3 -8 -6 -7 -5 -8 -2 -1 -3 -7 0 -5 -4 -1 0 -2 0 0 -2 4 -1 -6 -3 -3 
-3 -8 -4 -9 -5 -2 2 -1 2 0 0 1 -1 -1 3 1 1 5 2 5 7 7 15 17 18 20 24 32 40 34 38 46 53 60 62 71 77 85 92 106 112 124 132 155 170 168 178 188 193 199 210 211 217 219 224 227 235 239 236 240 244 244 246 253 250 253 247 255 252 253 248 248 249 247 252 250 252 246 247 249 250 250 244 244 250 243 251 244 249 244 242 249 249 246 251 254 251 247 245 247 243 246 248 245 245 249 251 248 246 244 244 246 250 248 242 239 247 244 
246 251 246 241 244 242 244 239 242 244 244 242 239 244 248 240 239 239 244 249 235 230 227 222 214 202 204 193 187 170 167 158 152 140 131 120 119 116 102 102 99 91 83 76 70 64 61 58 46 39 41 30 30 23 20 18 20 20 28 26 31 34 36 38 35 35 29 30 39 39 36 37 36 35 36 27 33 34 27 32 31 33 33 36 26 33 
35 26 31 25 27 26 26 22 27 29 28 30 28 25 22 27 19 20 16 20 15 15 7 8 9 14 10 8 9 0 2 1 6 0 -1 -3 0 -5 -6 -14 -17 -16 -24 -15 -17 -25 -16 -20 -22 -23 -20 -24 -24 -22 -23 -19 -27 -26 -24 -26 -26 -21 -16 -17 -17 -19 -20 -17 -22 -23 -12 -20 -18 -18 -16 -16 -20 -20 -23 -25 -22 -16 -15 -26 -32 -29 -23 -25 -27 -28 -26 -28 -25 -33 -30 -29 -32 -25 -36 -37 -42 -36 -32 -32 -32 -32 -35 -34 -38 -35 -33 -32 -36 -34 -36 
-30 -34 -33 -38 -38 -36 -40 -38 -39 -36 -41 -35 -33 -38 -34 -28 -33 -30 -24 -25 -26 -26 -31 -22 -30 -30 -38 -38 -38 -40 -38 -46 -43 -46 -45 -45 -42 -42 -38 -41 -41 -41 -39 -41 -41 -38 -35 -37 -33 -36 -31 -34 -35 -32 -32 -32 -32 -34 -34 -29 -30 -26 -28 -27 -23 -26 -25 -21 -26 -19 -17 -19 -12 -9 -9 -17 -16 -18 -10 -15 -9 -6 -6 
-18 -12 -10 -12 -16 -15 -7 -11 -16 -21 -16 -22 -31 -35 -38 -38 -44 -46 -50 -55 -60 -65 -67 -67 -73 -73 -78 -80 -88 -101 -104 -109 -111 -113 -121 -121 -132 -128 -139 -141 -139 -141 -141 -138 -143 -145 -141 -141 -140 -137 -130 -127 -125 -121 -118 -118 -112 -103 -102 -88 -85 -83 -79 -73 -70 -64 -58 -55 -54 -52 -52 -48 -47 -40 -42 -42 -43 -35 -37 -40 -42 -40 -32 -37 -39 -37 -33 -38 -47 -44 -44 -45 -45 
-46 -43 -45 -45 -48 -48 -53 -50 -50 -44 -48 -43 -43 -53 -47 -46 -47 -48 -52 -64 -64 -68 -72 -67 -72 -76 -87 -87 -85 -93 -98 -102 -105 -108 -119 -124 -126 -131 -129 -140 -140 -140 -138 -137 -139 -136 -137 -140 -139 -132 -136 -128 -126 -123 -113 -110 -107 -105 -107 -104 -93 -85 -89 -83 -76 -69 -64 -66 -64 -52 -52 -48 -44 -44 -32 -29 -29 -24 -21 -22 -14 -11 -11 -5 -10 -4 -1 -2 3 6 3 7 8 8 11 15 6 6 7 7 12 10 13 7 11 8 8 9 13 5 5 9 9 9 9 10 5 14 12 9 6 4 8 9 11 7 4 3 3 
6 6 2 4 9 4 5 7 9 3 1 4 8 0 5 6 5 7 9 13 12 23 24 23 28 36 39 45 50 55 55 63 68 72 72 67 69 75 74 74 74 70 75 76 73 63 70 72 69 71 76 74 74 76 73 73 73 74 70 70 72 77 77 79 76 76 80 76 77 77 85 74 82 81 78 78 73 72 74 75 77 79 79 79 78 75 79 
75 75 76 78 76 75 71 74 73 72 74 76 73 70 67 54 48 42 42 36 33 26 23 17 13 3 4 -4 -9 -14 -11 -13 -23 -15 -18 -19 -19 -24 -17 -17 -17 -17 -15 -20 -20 -20 -19 -16 -16 -22 -13 -16 -13 -18 -18 -20 -18 -15 -15 -9 -17 -13 -15 -12 -16 -21 -23 -21 -21 -18 -14 -16 -15 -17 -16 -22 -15 -11 -20 -17 -17 -21 -21 -19 -17 -20 -22 -15 -12 -13 -21 -14 -19 -21 -18 -18 -19 
-44 -40 -41 -49 -46 -47 -42 -44 -48 -48 -48 -39 -41 -42 -42 -46 -51 -52 -49 -45 -48 -44 -45 -47 -45 -42 -50 -46 -49 -43 -46 -43 -43 -47 -44 -44 -45 -47 -50 -52 -50 -55 -55 -57 -60 -64 -62 -67 -67 -73 -76 -85 -90 -90 -95 -103 -104 -110 -113 -113 -119 -125 -135 -137 -144 -149 -148 -150 -155 -156 -159 -163 -160 -160 -162 -164 -163 -162 -161 -152 -155 -153 -152 -152 -145 -136 -129 -130 -122 -121 -114 -117 -108 -106 -97 -91 -87 -83 -76 -75 -68 -69 -73 -67 -61 -66 -77 -71 -73 -73 -76 -76 -76 -81 -77 -73 -78 -75 -82 -81 -83 -86 -89 
-88 -92 -90 -88 -93 -95 -97 -92 -99 -105 -100 -117 -117 -117 -119 -118 -129 -134 -141 -146 -152 -160 -167 -173 -173 -170 -178 -179 -178 -178 -178 -175 -168 -172 -163 -165 -157 -156 -151 -142 -140 -132 -132 -120 -108 -108 -105 -97 -94 -89 -86 -77 -77 -71 -70 -64 -62 -57 -46 -47 -41 -39 -32 -31 -23 -23 -21 -21 -21 -20 -21 -21 -16 -18 -22 -16 -22 -22 -25 -22 -23 -22 -23 -23 -20 -19 
-23 -21 -23 -21 -15 -14 -16 -16 -8 -4 -1 3 2 7 17 19 24 30 36 46 44 53 57 65 70 78 83 83 85 89 92 98 97 96 98 103 99 102 92 104 103 98 104 98 96 106 107 97 101 106 94 96 101 97 104 104 101 101 103 103 96 103 99 96 98 103 101 106 102 99 97 99 98 103 
105 104 105 99 98 101 99 104 106 104 104 104 101 105 102 95 99 95 85 80 71 60 60 48 42 27 12 6 2 -3 -11 -14 -16 -20 -25 -25 -35 -35 -35 -37 -35 -40 -39 -37 -41 -33 -35 -38 -40 -41 -39 -33 -37 -31 -33 -33 -33 -33 -30 -24 -28 -29 -29 -31 -33 -33 -30 -33 -33 -36 -30 -29 -31 -31 -34 -33 -30 -31 -28 -30 -32 -30 -31 -33 -27 -33 -29 -32 -27 -25 -27 -27 -25 -25 -27 -32 -30 -30 -32 
-29 -26 -26 -23 -31 -33 -27 -24 -27 -27 -22 -21 -25 -23 -26 -26 -26 -29 -25 -24 -26 -29 -24 -21 -15 -14 -14 -15 -9 -5 -7 -1 4 0 6 9 19 32 32 37 44 49 53 63 68 79 81 90 96 96 108 110 118 123 125 133 135 143 146 145 148 153 154 157 166 167 169 166 171 176 169 169 166 168 170 164 168 170 162 167 166 168 169 168 170 170 169 168 168 170 164 162 172 171 173 169 167 175 166 
165 167 166 172 172 172 169 173 173 169 168 164 169 177 180 174 173 169 169 169 171 160 154 151 150 147 142 136 130 122 110 96 97 89 80 73 62 47 48 36 25 21 10 4 1 -3 -8 -9 -16 -10 -22 -24 -27 -32 -32 -37 -28 -33 -33 -33 -36 -31 -27 -35 -31 -31 -27 -27 -34 -33 -33 -33 -30 -32 -31 -36 -33 -34 -34 
-33 -35 -31 -34 -34 -36 -30 -34 -31 -30 -27 -32 -31 -37 -36 -40 -29 -31 -25 -36 -28 -35 -29 -31 -30 -22 -25 -26 -24 -27 -27 -27 -30 -35 -29 -32 -35 -35 -35 -40 -42 -40 -37 -41 -42 -44 -47 -46 -48 -50 -56 -53 -57 -62 -65 -65 -69 -74 -77 -79 -84 -82 -87 -84 -84 -77 -70 -70 -68 -65 -70 -67 -64 -62 -54 -56 -48 -49 -40 -43 -45 -43 -34 -42 -41 -46 -42 -31 -36 -33 -30 -30 -32 -33 -32 -22 -28 -32 -26 -28 -29 -34 -31 -33 -33 -31 -36 -31 -36 -38 -30 -32 -33 -38 -34 -28 -32 -32 -35 -36 -40 -31 -42 
-31 -31 -36 -38 -35 -39 -33 -30 -35 -37 -34 -28 -28 -30 -32 -31 -36 -30 -32 -38 -41 -33 -39 -39 -41 -41 -43 -43 -46 -51 -52 -57 -58 -64 -62 -77 -72 -74 -72 -74 -77 -76 -73 -79 -81 -88 -90 -84 -81 -86 -83 -77 -71 -74 -67 -75 -66 -62 -61 -61 -53 -58 -58 -55 -54 -49 -49 -51 -51 -53 -47 -49 -51 -45 -45 -50 -40 -43 -40 -42 -47 -49 -48 -42 -45 -45 
-66 -66 -60 -65 -65 -56 -57 -59 -59 -59 -55 -55 -53 -56 -54 -53 -44 -41 -37 -29 -26 -17 -11 -4 7 10 22 31 35 44 50 61 66 75 88 93 107 115 120 128 139 138 144 150 157 162 169 172 177 181 178 183 183 180 190 191 196 192 194 188 187 186 193 187 192 187 193 189 189 185 183 181 177 187 184 182 180 182 178 180 183 
186 180 184 180 172 177 179 186 186 176 182 171 168 165 167 158 144 138 134 117 109 102 90 84 75 65 59 53 41 36 30 21 19 12 9 -1 -4 -7 -17 -17 -22 -24 -31 -28 -30 -36 -33 -37 -40 -39 -42 -39 -42 -46 -43 -51 -48 -48 -48 -47 -45 -44 -46 -40 -45 -44 -41 -43 -42 -50 -41 -49 -43 -48 -45 -47 -44 -48 -47 -40 -47 -46 -49 -50 -49 -47 -46 -46 
-43 -43 -44 -48 -47 -38 -43 -47 -42 -47 -49 -46 -46 -43 -44 -42 -51 -47 -49 -50 -50 -50 -54 -47 -51 -59 -57 -55 -53 -60 -64 -62 -63 -70 -70 -70 -73 -78 -75 -75 -77 -75 -80 -81 -88 -82 -83 -86 -80 -77 -78 -78 -81 -72 -74 -71 -76 -76 -82 -77 -76 -67 -66 -65 -59 -56 -57 -51 -55 -56 -47 -43 -45 -48 -48 -45 -42 -42 -48 -45 -47 -48 -48 -58 -57 -65 -71 -81 -89 -93 -99 -104 -106 -102 -110 -104 -106 -109 -109 -110 -106 -106 -101 -101 -104 -105 -103 -102 -102 -99 -100 -94 -91 -96 -90 -92 -93 -100 -94 -89 -86 -86 -84 -80 -78 -76 -74 -71 -68 -64 -59 -61 -60 -56 -51 
-51 -47 -49 -42 -48 -42 -39 -47 -44 -42 -44 -47 -44 -46 -46 -56 -60 -62 -67 -72 -75 -76 -85 -90 -93 -101 -97 -107 -100 -103 -100 -102 -104 -104 -102 -98 -98 -100 -91 -86 -91 -91 -84 -81 -77 -78 -81 -75 -67 -63 -65 -65 -61 -67 -64 -69 -60 -59 -56 -55 -57 -54 -50 -54 -48 -48 -48 -50 -49 -44 -46 -44 -47 -47 -49 -49 -50 -47 -47 -44 -43 -45 -50 -50 -47 -52 -52 -47 -52 -53 -48 -50 -48 -54 
-11 -11 -17 -17 -14 -13 -14 -14 -16 -10 -12 -6 -11 -10 -5 -13 -15 -17 -13 -11 -11 -10 -20 -21 -27 -35 -33 -40 -41 -47 -51 -56 -58 -68 -65 -68 -79 -86 -92 -89 -98 -106 -109 -113 -122 -131 -126 -137 -138 -142 -144 -146 -151 -156 -158 -160 -158 -152 -156 -153 -151 -152 -150 -151 -150 -152 -143 -144 -145 -139 -139 -138 -129 -121 -121 -128 -126 -120 -115 -117 -117 -108 -111 -107 -106 -97 -97 -97 -90 -88 -85 -82 -77 -65 -63 -65 -62 -63 -63 -57 -56 -56 -54 -48 -53 -48 -48 -48 -49 -51 -52 -52 -54 -58 -58 -60 -52 -56 -60 -58 
-52 -66 -63 -58 -60 -63 -63 -60 -63 -63 -61 -62 -64 -69 -80 -75 -74 -73 -81 -88 -93 -101 -95 -96 -105 -104 -108 -114 -115 -122 -123 -127 -132 -131 -133 -138 -137 -137 -144 -143 -147 -145 -146 -143 -148 -143 -150 -149 -151 -147 -145 -133 -143 -135 -129 -127 -124 -124 -122 -123 -117 -116 -115 -110 -110 -101 -99 -91 -93 -87 -84 -77 -70 -67 -62 -57 -53 -50 -48 -50 -39 -36 -37 -42 -36 -38 -41 -45 -33 -42 -39 -38 -38 -38 -43 -43 -45 -40 -40 -43 -40 -39 -37 -40 -37 -33 -35 
20 20 15 16 16 16 15 11 13 17 21 15 20 17 23 21 16 21 15 13 17 18 15 17 20 24 22 24 17 18 21 18 20 16 18 16 9 3 1 -1 -5 -7 -8 -16 -25 -36 -45 -60 -66 -72 -83 -90 -98 -100 -111 -117 -122 -128 -137 -142 -142 -146 -154 -158 -161 -162 -166 -171 -174 -173 -173 -174 -176 -173 -173 -174 -176 -165 -167 -164 -162 -159 -160 -158 -157 -155 -149 -154 -153 -145 -148 -147 -151 -148 -143 -141 -138 -138 -141 -146 -142 -141 -141 -139 -139 -139 -144 -145 -149 -149 -149 -146 -143 -145 
-149 -142 -146 -146 -148 -148 -149 -154 -151 -149 -149 -149 -146 -152 -143 -146 -148 -148 -153 -158 -156 -157 -168 -163 -171 -170 -173 -166 -173 -175 -170 -178 -179 -174 -174 -174 -171 -167 -168 -159 -159 -155 -150 -155 -146 -145 -139 -136 -130 -128 -122 -113 -106 -96 -98 -86 -83 -69 -72 -63 -60 -55 -49 -46 -40 -37 -29 -29 -23 -11 -11 -6 -5 -2 -6 0 2 -2 3 1 -1 -6 0 0 -3 -3 -6 -8 -8 -12 -8 -12 -10 -11 -10 -11 -8 -10 -10 
-8 -9 -11 -8 -8 -9 -12 -9 -11 -11 -16 -12 -15 -10 -7 -7 -1 3 4 2 8 16 20 28 30 38 46 57 58 63 66 69 71 69 64 65 62 67 64 57 57 62 53 55 59 59 63 68 62 70 73 76 76 74 79 79 76 76 77 78 80 83 79 82 84 76 81 76 79 80 82 87 83 80 83 78 
83 81 81 81 78 81 81 80 77 83 84 81 82 77 78 78 81 78 70 72 61 53 48 39 27 16 10 -6 -11 -16 -20 -31 -37 -40 -49 -43 -44 -48 -51 -51 -58 -46 -50 -50 -48 -52 -52 -49 -48 -48 -53 -53 -46 -54 -45 -45 -50 -53 -50 -47 -48 -42 -44 -42 -50 -49 -44 -46 -45 -39 -46 -40 -46 -44 -46 -46 -48 -52 -49 -42 -45 -42 
-45 -42 -42 -43 -45 -50 -47 -43 -45 -43 -48 -45 -43 -50 -42 -45 -45 -45 -50 -50 -45 -38 -42 -38 -41 -35 -35 -37 -37 -33 -33 -25 -19 -18 -12 -4 -4 0 6 8 16 26 31 42 49 52 65 72 80 92 100 109 121 126 128 138 150 152 161 165 165 171 181 180 182 182 187 187 184 186 188 188 180 183 180 175 179 177 179 178 180 174 174 178 176 173 175 176 175 175 172 182 173 171 
171 172 177 174 176 174 174 179 173 170 172 174 175 174 173 173 167 169 167 168 178 169 165 151 154 153 144 144 132 129 124 119 117 104 91 86 71 65 62 56 47 37 25 19 19 14 8 0 -1 -4 -4 -12 -12 -21 -22 -29 -32 -32 -38 -38 -41 -38 -33 -30 -24 -16 -19 -14 -11 -15 -9 -11 -14 -13 -8 -4 -16 -10 -15 -12 -13 -10 -15 -13 -19 -18 -20 -17 -16 -13 -15 -10 -15 -12 
-19 -17 -14 -14 -21 -23 -23 -23 -23 -20 -19 -19 -22 -18 -20 -14 -20 -25 -23 -25 -27 -30 -32 -41 -37 -42 -36 -38 -40 -43 -37 -39 -47 -39 -41 -37 -39 -41 -41 -38 -39 -39 -36 -41 -37 -39 -33 -32 -31 -30 -30 -32 -35 -34 -30 -32 -31 -30 -32 -31 -42 -39 -31 -25 -12 -3 13 28 36 44 52 57 66 76 76 81 84 87 92 106 104 102 108 115 117 115 119 122 122 126 123 127 134 129 133 135 139 139 134 134 142 135 136 140 141 140 138 135 132 133 135 133 130 130 
136 135 137 141 136 133 132 137 136 140 136 137 128 130 122 126 120 110 110 115 110 106 107 97 85 82 77 73 69 62 53 54 41 29 28 19 2 -20 -36 -57 -60 -65 -56 -44 -42 -31 -29 -33 -30 -28 -33 -30 -35 -37 -40 -42 -48 -46 -47 -47 -46 -48 -50 -50 -50 -55 -47 -47 -44 -44 -47 -45 -41 -41 -43 -38 -37 -39 -36 -35 -38 -38 -38 -35 -37 -36 -34 -34 -34 -31 -33 -33 -27 -24 -25 -25 -25 -27 -24 -26 -26 -23 -25 -22 -20 -16 -14 -17 -19 -11 -17 -17 -17 -8 -18 -12 -12 -17 -17 -11 -18 -15 -18 
20 18 25 24 24 20 22 19 22 19 25 21 26 28 22 26 27 23 28 25 22 22 25 17 12 13 12 12 2 0 -5 -11 -16 -24 -35 -35 -41 -45 -53 -58 -63 -73 -84 -86 -95 -103 -111 -121 -126 -134 -136 -142 -146 -151 -152 -156 -161 -160 -166 -167 -168 -172 -173 -170 -178 -169 -177 -178 -176 -177 -168 -168 -172 -166 -160 -166 -167 -164 -162 -156 -151 -153 -153 -154 -159 -145 -148 -147 -146 -146 -145 -145 -145 -145 -150 -147 -146 -147 -148 -145 -153 -150 -153 -158 -158 -158 
-162 -161 -161 -161 -158 -158 -161 -159 -156 -158 -160 -160 -159 -159 -166 -158 -169 -166 -171 -172 -177 -174 -176 -174 -176 -178 -172 -169 -179 -176 -170 -173 -167 -161 -158 -165 -155 -149 -150 -148 -137 -134 -125 -119 -119 -111 -109 -106 -97 -90 -82 -81 -78 -78 -69 -61 -55 -54 -44 -36 -40 -30 -30 -30 -28 -17 -22 -19 -15 -6 -2 0 3 1 9 9 4 8 14 11 13 18 15 12 15 19 16 7 9 13 8 
8 7 7 11 7 9 12 12 11 12 9 14 3 9 9 16 30 30 30 39 39 50 57 58 62 62 64 69 72 83 85 96 96 93 101 95 100 105 107 107 108 110 106 111 114 112 113 115 112 108 115 112 116 111 110 116 113 107 112 114 111 107 109 106 111 111 113 111 
108 114 116 113 107 107 106 108 110 108 111 106 108 104 103 100 97 91 90 84 78 66 56 53 53 41 41 33 28 24 24 12 16 10 1 -1 -5 -7 -11 -14 -10 -10 -10 -6 -12 -11 -8 -8 -10 -10 -10 -10 -12 -14 -6 -9 -9 -3 -3 -5 -1 -3 -9 -6 0 -2 -1 -3 -2 -2 -4 0 -3 0 3 0 0 2 -2 -4 -1 -5 -7 
0 -2 -2 -9 -2 0 0 0 -4 -2 3 3 0 -5 -3 2 2 7 11 14 24 25 26 29 37 37 39 50 54 56 67 69 78 82 87 95 108 117 118 120 131 136 141 152 157 164 172 175 180 196 192 201 211 215 214 224 224 230 236 235 243 240 239 242 244 247 249 254 252 249 252 249 243 252 249 248 246 246 246 246 245 245 243 245 248 247 245 245 
239 244 246 240 240 247 244 244 248 245 242 243 233 235 232 224 224 221 216 206 197 191 183 175 166 157 154 145 135 125 122 119 110 105 99 90 84 80 80 65 60 57 55 55 52 46 41 27 27 22 15 15 5 8 14 11 13 8 8 5 11 9 9 6 5 6 5 6 0 5 1 2 0 1 2 6 8 8 10 3 0 5 6 0 6 1 3 5 8 8 7 2 2 4 1 6 5 5 3 1 5 5 1 4 6 -1 3 10 
7 5 11 8 12 9 9 14 6 6 6 8 8 7 7 4 4 3 3 8 3 4 4 -3 -5 -5 -2 -2 -3 -6 -2 -7 -9 -11 -14 -15 -14 -16 -18 -15 -13 -18 -15 -12 -19 -12 -12 -13 -15 -16 -12 -13 -10 -12 -13 -17 -14 -11 5 13 16 25 29 31 33 44 46 54 58 62 63 66 66 68 74 74 77 81 81 84 83 90 87 96 97 91 93 93 96 96 99 100 103 103 100 103 103 109 106 104 104 101 104 104 104 97 105 102 96 99 95 97 99 109 109 102 102 100 97 97 94 94 96 97 99 97 93 93 84 97 
94 95 98 95 102 94 96 89 95 93 95 83 86 82 81 77 72 71 64 51 46 40 36 23 9 4 -1 -10 -26 -34 -42 -49 -54 -65 -67 -65 -75 -74 -66 -61 -69 -69 -73 -70 -66 -74 -62 -63 -62 -64 -62 -64 -63 -60 -60 -56 -61 -47 -46 -50 -47 -46 -41 -43 -42 -44 -29 -27 -27 -34 -29 -23 -23 -20 -15 -19 -16 -10 -12 -14 -9 -8 -13 -13 -13 -6 -11 -8 -8 -11 -14 -11 -11 -12 
31 25 21 19 23 25 21 27 26 17 27 21 22 19 18 16 16 11 7 2 0 6 7 7 -1 -2 -4 -6 -18 -17 -31 -34 -40 -45 -54 -56 -69 -75 -83 -97 -99 -112 -126 -132 -139 -146 -149 -162 -158 -166 -163 -163 -172 -175 -176 -173 -175 -169 -171 -173 -175 -171 -167 -171 -161 -163 -153 -151 -141 -141 -139 -131 -129 -125 -134 -126 -118 -111 -102 -104 -102 -94 -94 -95 -96 -96 -97 -90 -91 -96 -92 -100 -100 -100 -98 -99 
-98 -100 -100 -95 -98 -98 -101 -92 -99 -95 -96 -98 -102 -106 -106 -108 -113 -120 -126 -125 -135 -143 -148 -148 -154 -159 -163 -163 -168 -173 -170 -170 -169 -169 -159 -161 -158 -157 -154 -151 -145 -136 -134 -119 -110 -106 -100 -98 -87 -78 -69 -60 -50 -50 -41 -32 -34 -29 -20 -22 -10 -10 -7 0 0 7 9 11 12 22 21 25 31 31 34 32 30 31 24 26 28 35 27 27 29 24 21 18 15 19 18 15 19 23 20 23 20 21 15 19 14 16 16 16 21 
22 15 20 17 24 26 28 32 29 29 34 43 47 49 51 58 63 65 76 77 77 78 92 95 100 101 107 110 112 109 110 117 114 116 111 117 119 116 113 116 115 109 110 112 106 115 106 108 102 104 106 107 107 106 106 106 106 105 107 109 107 112 112 110 118 117 108 113 111 114 113 114 108 
110 110 110 111 113 116 113 116 116 109 110 115 115 116 118 107 117 110 110 110 107 110 115 109 114 115 109 103 101 101 98 98 86 86 80 71 71 75 63 60 51 51 46 43 42 41 33 34 31 30 43 40 36 33 36 33 33 32 34 37 37 31 31 31 33 31 30 30 35 34 29 33 30 30 32 34 36 30 30 40 33 34 32 31 35 36 35 27 30 35 35 35 34 30 30 32 30 34 35 32 28 33 41 
39 38 33 36 36 35 39 37 31 35 36 38 34 36 36 41 41 48 42 47 44 44 46 47 53 51 54 53 53 57 55 57 62 64 66 71 75 80 77 87 92 95 101 117 123 131 138 145 150 153 163 170 178 187 190 195 209 208 212 221 226 223 223 234 244 247 254 255 255 255 267 265 267 266 266 264 266 270 267 270 274 276 270 272 269 269 271 272 268 263 268 269 271 264 266 272 263 264 261 269 266 265 266 265 266 265 262 260 260 265 265 262 261 262 264 261 
262 264 264 258 264 266 260 263 268 262 263 265 259 265 264 259 252 250 248 248 247 244 229 224 212 203 205 198 188 173 167 153 147 147 142 131 125 127 107 94 94 87 84 79 76 70 72 62 56 53 53 45 42 37 27 24 24 21 20 22 15 21 17 15 12 15 15 9 11 8 10 11 17 17 14 19 16 20 15 15 11 18 
14 15 21 18 21 23 18 15 21 20 25 19 10 20 11 19 20 17 16 16 20 23 20 12 11 14 7 4 6 9 5 4 3 0 0 -5 -5 -4 -2 -11 -7 -6 -5 -7 -8 -9 -11 -7 -7 -12 -16 -14 -16 -14 -13 -13 -13 -10 -12 -9 -11 -6 -9 -7 -7 -12 -11 -5 -2 6 12 14 25 25 43 41 45 51 60 59 56 70 71 67 69 76 81 78 75 77 74 79 84 88 85 86 86 84 83 92 91 82 78 82 85 89 91 83 88 85 86 91 88 88 93 90 93 91 92 90 84 84 92 91 93 
90 88 93 94 95 91 93 99 98 92 89 91 88 83 80 81 89 72 67 60 57 45 47 40 31 27 10 4 -3 -17 -26 -45 -50 -44 -43 -43 -44 -43 -42 -35 -42 -47 -45 -42 -44 -41 -45 -44 -42 -41 -41 -39 -32 -29 -35 -32 -29 -23 -18 -26 -24 -19 -19 -12 -15 -13 -13 -4 -9 -6 -3 1 -5 -3 3 -4 -4 1 -1 -1 -1 -3 5 0 0 -2 1 -1 4 0 -2 6 0 0 5 0 
27 26 23 25 21 21 22 22 24 22 21 21 21 21 27 20 24 23 23 24 24 20 20 18 20 17 11 5 2 7 3 0 1 -9 -17 -16 -19 -19 -23 -34 -33 -37 -39 -36 -39 -43 -44 -43 -47 -51 -53 -55 -48 -62 -62 -56 -58 -58 -58 -54 -54 -59 -56 -53 -58 -63 -55 -61 -51 -43 -50 -46 -46 -46 -50 -44 -47 -46 -40 -42 -41 -37 -31 -36 -40 -36 -31 -25 -24 -27 -24 -25 -22 -24 -23 -28 -28 -24 -22 -27 -28 -19 -24 -18 -20 -26 -26 -26 -27 -28 -25 -25 -27 -29 -31 -23 -23 
-34 -28 -30 -32 -27 -29 -29 -32 -32 -34 -39 -41 -45 -53 -41 -41 -48 -47 -50 -52 -54 -51 -57 -58 -53 -61 -66 -65 -63 -67 -63 -71 -60 -61 -70 -72 -72 -74 -69 -61 -60 -54 -60 -59 -61 -60 -58 -52 -54 -50 -48 -44 -39 -44 -46 -40 -32 -31 -27 -23 -23 -23 -16 -13 -15 -15 -15 -13 -15 -13 -7 -8 -6 -8 -8 -8 -5 -8 -5 -7 -12 -10 -7 -8 -8 -7 -7 -7 -9 -7 -11 -7 -11 -5 -6 
-5 -8 -9 -9 -10 -6 -6 -2 -9 -6 -5 -6 -4 -11 -12 -4 -4 -5 -4 -7 -12 -12 -11 -13 -7 -15 -13 -22 -21 -20 -25 -27 -28 -33 -37 -45 -47 -46 -51 -52 -53 -55 -57 -54 -61 -63 -68 -70 -75 -78 -78 -75 -73 -78 -79 -83 -77 -81 -76 -76 -73 -71 -73 -77 -74 -72 -73 -70 -76 -73 -74 -70 -71 -72 -76 -70 -62 -60 -48 -50 -56 -51 -48 -41 -36 -36 -36 -31 -33 -35 -31 -31 -32 -26 -28 -28 -28 -32 -31 -31 -39 -36 
-36 -38 -37 -31 -36 -36 -38 -34 -36 -38 -42 -39 -33 -38 -35 -41 -49 -46 -51 -56 -62 -61 -60 -65 -64 -66 -69 -71 -71 -68 -69 -75 -68 -68 -68 -65 -66 -68 -65 -64 -68 -70 -67 -65 -65 -66 -66 -68 -65 -66 -58 -57 -57 -54 -53 -53 -50 -45 -51 -49 -42 -43 -37 -28 -26 -25 -33 -30 -24 -23 -22 -16 -10 -12 -11 -11 -8 -6 -4 -4 -6 -2 -2 -6 1 1 3 5 4 4 8 5 5 5 9 8 10 13 12 5 5 3 11 9 14 11 8 6 8 2 4 5 
10 3 1 1 2 2 7 4 1 1 3 5 2 7 4 3 4 -2 -2 -4 0 0 -3 -3 -5 -9 -9 -14 -19 -22 -21 -21 -27 -32 -35 -35 -39 -44 -44 -56 -56 -62 -64 -60 -61 -65 -68 -76 -81 -76 -76 -78 -73 -83 -82 -82 -84 -86 -84 -81 -90 -87 -89 -90 -92 -86 -80 -80 -86 -81 -80 -74 -75 -67 -69 -61 -55 -57 -50 -50 -41 -41 -42 -45 -39 -41 -43 -40 -39 -39 -36 -40 -37 -39 -41 -41 -36 -39 -48 -42 -42 -44 -41 -44 -44 
-40 -42 -47 -40 -46 -48 -47 -51 -50 -50 -49 -47 -51 -51 -56 -55 -57 -60 -65 -70 -67 -69 -72 -74 -77 -71 -73 -75 -76 -77 -75 -77 -79 -76 -76 -70 -78 -78 -71 -69 -73 -71 -66 -68 -68 -65 -66 -63 -60 -55 -62 -59 -53 -56 -46 -44 -48 -46 -46 -40 -42 -42 -36 -36 -36 -40 -31 -35 -23 -25 -26 -26 -20 -25 -21 -21 -23 -18 -20 -14 -14 -18 -11 -8 -12 -14 -11 -14 -9 -11 -7 -5 -5 -7 -7 -4 -6 -7 3 -2 0 2 2 4 1 2 7 4 6 0 -7 -4 -2 2 -6 0 -4 -3 -5 0 6 2 0 0 2 6 -3 -1 -3 -1 -3 -3 2 1 -1 -1 0 4 -1 -1 -6 
4 4 -2 -3 0 0 -5 1 -2 3 5 0 -2 0 -1 -1 2 0 0 2 0 -1 -6 -7 -9 -10 -9 -13 -13 -21 -22 -25 -29 -29 -33 -40 -41 -44 -46 -45 -50 -49 -55 -54 -65 -65 -65 -71 -71 -70 -75 -76 -78 -74 -77 -79 -74 -77 -77 -74 -79 -84 -77 -74 -76 -78 -77 -81 -77 -80 -75 -70 -69 -71 -70 -74 -71 -73 -69 -61 -58 -55 -56 -52 -52 -45 -47 -44 -41 -43 -40 -34 -42 -38 -40 -37 -42 -44 -35 -32 -34 -34 -34 -44 -36 -33 -39 -39 -45 
-45 -49 -43 -47 -50 -48 -49 -41 -48 -48 -44 -44 -47 -47 -49 -47 -53 -54 -55 -55 -60 -64 -64 -64 -64 -69 -64 -72 -71 -75 -77 -71 -74 -74 -79 -76 -78 -70 -71 -72 -74 -75 -72 -74 -73 -73 -70 -70 -67 -75 -72 -74 -74 -70 -69 -68 -65 -65 -63 -54 -55 -55 -57 -49 -51 -39 -39 -39 -36 -35 -30 -32 -27 -24 -23 -18 -14 -15 -17 -14 -12 -14 -11 -9 -7 -9 -14 -8 -6 -5 -5 -1 -1 -3 -1 -6 -3 -6 -1 -5 0 -3 1 1 -3 -3 
-29 -23 -22 -27 -21 -21 -21 -22 -19 -22 -21 -16 -18 -24 -23 -27 -19 -17 -25 -18 -21 -15 -15 -18 -20 -12 -21 -21 -21 -26 -31 -44 -46 -51 -66 -68 -83 -91 -108 -122 -132 -141 -148 -148 -149 -153 -147 -148 -148 -145 -136 -133 -129 -128 -127 -131 -127 -130 -124 -119 -119 -116 -127 -121 -122 -118 -120 -119 -119 -124 -126 -125 -116 -122 -122 -122 -127 -124 -124 -135 -132 -130 -129 -126 -126 -129 -137 -134 -134 -131 -129 -131 -131 
-128 -130 -127 -127 -121 -125 -127 -127 -124 -126 -125 -122 -124 -126 -129 -126 -126 -131 -127 -123 -128 -124 -131 -138 -139 -140 -138 -142 -137 -145 -142 -141 -138 -135 -140 -132 -131 -126 -127 -121 -112 -95 -83 -66 -51 -36 -33 -30 -21 -19 -15 -9 0 -8 -6 -10 -8 -12 -6 -7 -4 -9 -14 -9 -14 -12 -15 -14 -16 -22 -22 -13 
-11 -16 -14 -17 -18 -15 -17 -20 -14 -16 -16 -10 -16 -17 -17 -14 -13 -13 -15 -13 -15 -9 -11 -16 -23 -20 -31 -40 -48 -55 -71 -87 -105 -116 -116 -127 -130 -137 -136 -130 -135 -132 -126 -120 -117 -119 -115 -113 -105 -109 -114 -109 -105 -105 -105 -105 -97 -108 -102 -105 -105 -107 -106 -112 -117 -119 -116 -119 -115 -118 
-121 -121 -126 -123 -120 -126 -126 -130 -127 -127 -128 -127 -131 -131 -134 -128 -132 -130 -132 -132 -129 -131 -128 -130 -132 -132 -132 -129 -136 -135 -140 -144 -142 -144 -141 -143 -142 -139 -136 -136 -129 -112 -101 -94 -84 -65 -53 -46 -33 -32 -26 -26 -21 -17 -12 -15 -8 -15 -9 -12 -7 
78 76 67 65 70 66 75 75 77 74 72 76 73 71 69 71 69 67 66 61 59 56 53 51 41 33 35 19 17 12 7 1 -2 -12 -12 -14 -27 -38 -45 -53 -53 -70 -78 -85 -88 -90 -90 -101 -104 -107 -114 -115 -128 -125 -130 -127 -131 -133 -135 -138 -135 -132 -133 -132 -135 -127 -129 -127 -124 -125 -122 -119 -123 -123 -123 -120 -120 -122 -121 -113 -116 -113 -111 -114 -110 -112 -110 -112 -109 -111 -110 -107 -107 -107 -110 -113 -109 -113 -108 -111 -113 -117 -114 -108 -111 -114 -121 -118 
-109 -109 -117 -119 -118 -116 -115 -119 -118 -120 -114 -120 -125 -127 -121 -118 -125 -132 -132 -134 -138 -135 -139 -135 -142 -142 -141 -142 -139 -144 -144 -147 -142 -145 -141 -135 -129 -125 -129 -126 -117 -116 -113 -108 -101 -95 -86 -80 -73 -61 -61 -56 -51 -45 -39 -38 -33 -24 -21 -14 -12 -7 2 1 1 6 10 12 23 28 29 43 42 37 38 35 37 34 36 41 42 41 37 39 44 43 38 38 38 38 40 38 37 45 40 43 44 42 41 45 42 42 47 
41 40 44 41 43 40 43 43 39 41 39 41 47 37 43 45 51 52 62 67 67 69 76 76 84 81 86 85 77 85 85 85 82 84 81 88 85 89 92 92 84 84 82 78 73 68 68 71 76 68 68 70 72 70 69 68 69 69 68 76 73 74 71 70 71 73 68 74 74 70 71 73 75 64 76 75 73 73 67 69 72 74 71 77 69 74 74 71 72 72 72 79 77 74 74 76 70 
70 77 71 73 75 69 68 71 68 71 76 77 73 82 82 82 80 81 82 78 77 79 79 78 84 71 75 75 72 66 60 65 59 56 50 45 43 39 35 35 31 33 24 22 22 24 23 16 18 17 12 12 11 11 11 7 7 12 9 9 10 12 15 15 14 14 14 12 13 16 10 17 18 19 19 19 20 20 22 15 16 16 18 18 17 20 24 20 15 21 12 21 17 20 22 21 20 25 19 21 23 21 29 25 26 24 23 23 28 25 23 24 24 24 24 21 
26 22 24 24 17 26 28 22 27 18 23 20 28 21 23 19 21 25 28 30 24 29 31 28 30 30 29 30 32 34 33 35 37 45 51 44 52 53 60 63 63 65 65 70 77 84 89 90 98 109 114 119 130 132 143 148 154 155 158 164 178 177 176 184 194 198 202 215 214 225 233 228 234 234 240 242 237 241 243 245 248 254 251 248 251 253 253 258 258 249 250 251 256 256 250 256 245 253 256 255 252 254 259 253 250 250 250 250 252 253 249 251 254 256 253 252 251 246 251 253 247 248 249 252 
251 245 247 249 253 255 255 253 247 242 248 251 245 247 232 229 225 233 224 219 210 203 201 206 183 183 171 161 161 153 150 145 134 125 120 114 104 92 92 86 81 81 75 67 55 53 44 42 41 32 29 31 28 24 26 25 22 22 19 19 10 14 19 24 24 23 21 21 28 27 25 27 25 23 25 31 34 25 25 28 27 22 27 25 28 25 26 28 24 26 22 25 25 26 31 33 32 31 30 28 
25 28 22 24 30 33 31 31 28 25 30 30 30 25 28 27 32 30 35 27 27 31 29 20 15 13 7 7 9 9 2 0 -7 -7 -10 -6 -10 -12 -12 -10 -12 -17 -12 -16 -17 -17 -18 -21 -25 -25 -25 -25 -23 -25 -28 -26 -23 -21 -23 -25 -22 -16 -16 -19 -16 -18 -16 -16 -25 -27 -26 -28 -27 -27 -24 -24 -18 -21 -15 -10 -7 -5 0 0 7 4 15 9 9 8 8 0 4 6 3 5 7 16 16 16 19 13 14 6 15 14 14 19 16 17 20 17 22 24 17 22 25 25 23 22 25 26 24 22 29 
32 29 32 33 30 32 31 26 18 18 20 11 2 -3 -15 -26 -30 -41 -45 -36 -36 -27 -26 -23 -19 -20 -17 -12 -13 -15 -12 -15 -17 -15 -14 -18 -14 -18 -12 -15 -14 -14 -1 -3 -6 -14 -12 -6 -4 -2 -2 -3 1 -4 2 2 7 9 14 14 12 20 26 26 20 25 27 31 34 32 33 35 38 33 44 38 34 41 41 38 44 49 43 36 41 45 46 42 46 43 38 41 45 36 38 43 42 41 41 44 44 44 43 36 42 47 50 40 
-47 -46 -49 -44 -43 -44 -44 -47 -44 -45 -45 -44 -37 -46 -42 -51 -50 -48 -55 -60 -67 -72 -74 -87 -91 -95 -111 -111 -122 -126 -137 -145 -147 -149 -155 -168 -169 -174 -176 -176 -178 -182 -186 -177 -176 -180 -180 -182 -174 -177 -177 -170 -170 -157 -151 -147 -139 -139 -126 -118 -106 -103 -96 -84 -69 -64 -57 -54 -48 -50 -51 -45 -45 -46 -52 -51 -49 -54 -61 -64 -67 -73 -75 -76 -82 
-91 -92 -97 -97 -106 -112 -123 -129 -140 -147 -149 -154 -159 -165 -179 -171 -177 -181 -183 -185 -184 -181 -185 -182 -174 -176 -164 -165 -159 -156 -146 -140 -136 -132 -123 -120 -111 -113 -107 -92 -92 -88 -86 -76 -74 -74 -66 -57 -54 -56 -52 -55 -46 -40 -42 -44 -41 -45 -45 -44 -43 -43 -43 -44 -48 -50 -49 -51 -49 -51 -54 -50 -53 -48 -56 -54 -52 -54 -56 
-55 -50 -52 -54 -51 -49 -56 -55 -55 -47 -53 -56 -51 -44 -46 -37 -31 -19 -15 -5 9 21 38 45 56 70 77 74 87 85 94 93 102 99 101 98 97 88 95 93 99 101 95 94 98 105 100 98 96 100 101 95 92 98 98 104 92 93 99 100 98 97 103 100 100 94 97 100 99 101 106 108 105 
100 101 106 104 105 101 103 99 104 98 92 86 94 79 72 63 54 42 33 16 6 -2 -10 -24 -23 -29 -37 -47 -53 -54 -66 -70 -67 -72 -81 -80 -82 -82 -80 -77 -74 -74 -79 -76 -68 -73 -83 -78 -71 -70 -63 -69 -73 -71 -69 -69 -71 -70 -68 -69 -71 -65 -67 -67 -75 
-64 -64 -67 -66 -68 -66 -66 -67 -62 -59 -59 -53 -47 -41 -31 -28 -25 -16 -15 -9 5 5 10 20 25 30 35 47 43 51 62 68 76 87 97 109 111 116 123 136 144 152 159 164 163 172 171 179 184 195 194 194 199 204 201 198 201 199 196 196 195 190 195 201 196 190 195 196 195 195 194 197 190 193 198 189 199 200 192 189 192 190 187 189 191 191 188 193 191 185 187 191 193 195 192 189 194 189 188 192 
188 192 190 193 195 191 189 186 194 191 192 189 195 195 182 187 187 181 180 174 172 163 159 143 134 134 125 120 120 111 106 96 86 71 63 58 58 46 41 32 24 18 12 5 3 -6 -11 -18 -29 -23 -24 -29 -33 -37 -36 -41 -35 -40 -38 -43 -41 -40 -37 -34 -34 -33 -33 -35 -36 -31 -27 -31 -31 -31 -35 -32 -38 -36 -36 -41 -41 -46 -51 -48 -53 -52 -60 -51 -44 -46 -51 -54 -52 -54 -56 -54 -56 -52 -53 -56 -60 -57 -50 -51 -55 -51 -51 -50 
-49 -52 -51 -59 -55 -55 -55 -57 -51 -57 -59 -64 -67 -70 -71 -76 -76 -78 -80 -85 -86 -83 -79 -81 -83 -87 -86 -82 -79 -78 -72 -77 -77 -77 -77 -71 -70 -65 -67 -64 -59 -64 -56 -62 -55 -61 -52 -53 -50 -50 -42 -43 -43 -31 -26 -31 -29 -25 -24 -18 -9 -6 -11 0 -2 3 7 12 19 20 25 23 23 25 30 26 31 31 33 35 34 35 33 33 38 36 33 32 29 29 34 34 35 32 34 31 35 39 31 36 36 33 38 40 38 38 37 36 39 33 38 38 29 34 38 35 42 34 34 30 27 24 25 25 22 22 23 23 16 
10 10 4 0 -6 -2 -10 -13 -18 -23 -32 -36 -37 -42 -44 -48 -54 -56 -62 -64 -68 -78 -79 -76 -82 -86 -85 -82 -79 -81 -78 -81 -78 -77 -69 -69 -65 -62 -59 -60 -54 -49 -55 -55 -60 -52 -48 -42 -47 -42 -39 -44 -38 -36 -39 -40 -40 -37 -36 -36 -36 -36 -38 -36 -35 -40 -40 -39 -36 -43 -45 -47 -48 -48 -45 -47 -43 -44 -41 -46 -41 -45 -50 -47 -44 
-30 -34 -30 -30 -30 -30 -34 -26 -24 -23 -29 -21 -24 -17 -16 -18 -11 -21 -18 -16 -16 -20 -22 -30 -30 -42 -44 -50 -57 -69 -70 -73 -87 -84 -96 -103 -108 -111 -118 -128 -128 -142 -142 -145 -147 -148 -156 -153 -157 -159 -160 -161 -156 -150 -156 -153 -148 -153 -152 -153 -150 -149 -149 -148 -142 -139 -131 -128 -130 -118 -120 -112 -109 -109 -104 -100 -103 -100 -100 -100 -100 -101 -102 -100 -103 -100 
-96 -100 -101 -100 -108 -105 -104 -106 -111 -107 -104 -105 -112 -113 -116 -130 -124 -130 -130 -130 -132 -143 -153 -148 -155 -157 -164 -163 -165 -163 -162 -169 -171 -173 -168 -165 -170 -162 -163 -160 -160 -160 -154 -148 -150 -147 -146 -143 -138 -137 -131 -122 -118 -117 -113 -108 -106 -96 -89 -87 -85 -82 -79 -79 -65 -62 -59 -60 -57 -55 -55 -52 -40 -43 -37 -24 -27 -26 -25 -20 -17 -17 -8 -8 -2 -3 -2 0 2 6 7 9 10 14 4 4 6 3 0 0 0 5 0 1 3 -5 -5 -7 -7 -1 
44 45 43 37 40 36 42 43 43 43 45 46 53 53 64 61 64 64 70 70 79 82 82 89 91 86 95 102 101 98 98 96 93 85 90 90 88 93 94 88 90 90 87 90 84 82 81 81 81 82 79 78 79 84 78 76 75 73 75 83 80 78 81 81 71 73 
73 74 80 78 78 74 79 76 81 81 81 81 79 79 81 81 77 78 85 76 82 80 79 82 79 81 70 71 68 62 62 58 49 51 50 46 46 39 40 35 37 37 38 31 31 28 30 37 36 32 29 31 29 29 28 31 33 30 32 33 36 36 38 36 28 35 32 32 37 34 32 34 39 36 31 32 33 33 35 38 37 39 36 36 33 34 37 36 32 37 34 30 35 44 42 36 
39 35 37 40 37 39 40 39 40 42 38 30 40 38 38 42 37 37 31 32 33 33 32 36 38 30 25 25 20 16 14 9 3 -5 -2 -11 -16 -22 -30 -37 -37 -47 -53 -58 -70 -75 -82 -90 -99 -96 -105 -110 -113 -118 -123 -126 -128 -130 -134 -139 -146 -147 -147 -148 -146 -145 -147 -147 -150 -145 -140 -137 -128 -123 -114 -114 -107 -106 -98 -100 -102 -99 -94 -94 -94 -85 -88 -77 -81 -75 -76 -80 -80 -85 -87 -89 -91 -91 -96 -96 -96 -101 -100 -99 -96 -97 -95 -98 -106 -103 -105 -103 -101 -105 -107 -106 -114 -113 -102 -107 -109 
-107 -109 -107 -109 -116 -107 -118 -118 -115 -110 -120 -119 -119 -120 -124 -135 -138 -149 -148 -155 -163 -157 -164 -161 -161 -158 -158 -154 -153 -148 -139 -141 -141 -129 -130 -118 -84 -72 -73 -69 -52 -47 -46 -45 -41 -38 -33 -31 -26 -22 -16 -18 -15 -15 -12 0 1 0 4 4 15 18 11 16 17 15 17 17 16 18 12 12 14 12 12 
54 65 74 80 92 94 112 118 126 134 140 147 154 159 164 175 179 186 192 194 202 211 206 222 224 224 229 235 236 237 239 244 247 244 239 251 248 250 247 246 251 248 248 244 249 250 248 242 246 238 247 246 241 
250 246 251 245 243 252 242 243 238 243 234 236 236 230 230 235 229 226 228 225 217 211 211 202 201 195 190 173 173 167 163 155 145 143 136 132 129 119 107 101 95 95 90 85 75 72 63 56 53 49 55 47 39 39 34 33 30 31 24 29 29 25 27 17 18 23 21 21 16 17 11 17 19 22 22 19 19 10 16 18 16 23 20 15 24 22 19 18 15 
23 21 23 25 25 26 25 22 22 19 22 27 25 22 24 25 23 25 19 25 24 24 19 23 17 17 13 13 13 6 3 1 2 -2 -11 -12 -17 -17 -25 -23 -35 -35 -38 -40 -42 -44 -47 -45 -49 -46 -40 -39 -41 -41 -32 -32 -25 -18 -13 -9 -8 -8 -5 -7 -12 -4 -6 -4 -6 -6 -6 0 -2 -3 0 -7 -11 -7 -6 -2 -12 -9 -9 -9 -9 -6 -4 -4 -4 -9 -5 -8 -13 -7 
-38 -35 -40 -44 -49 -56 -51 -48 -53 -47 -49 -51 -46 -40 -42 -42 -42 -39 -40 -45 -35 -24 -28 -26 -26 -23 -22 -15 -17 -13 -15 -12 -6 0 0 3 2 -2 6 3 13 13 15 15 11 18 21 23 19 21 20 22 14 22 24 26 23 25 26 27 21 26 28 19 26 24 
64 65 67 64 64 61 61 63 65 59 66 68 65 59 61 58 60 62 57 56 46 43 40 31 27 27 20 17 8 5 0 -5 -14 -21 -30 -36 -41 -49 -61 -68 -72 -77 -86 -97 -108 -109 -117 -112 -119 -122 -123 -128 -126 -131 -130 -124 -133 -128 -130 -121 -121 -121 -122 -120 -111 -111 -102 -103 -97 -99 -99 -101 -95 -102 -107 -94 -94 -94 -96 -98 -94 -88 -92 -97 -91 -99 -94 -92 -94 -96 -97 -100 -89 -91 -96 -97 -98 -105 -99 
-98 -102 -107 -115 -110 -112 -116 -113 -121 -126 -132 -137 -142 -144 -148 -150 -147 -148 -151 -154 -152 -152 -150 -150 -141 -139 -138 -141 -126 -119 -118 -110 -98 -90 -94 -87 -75 -73 -63 -57 -53 -44 -35 -23 -21 -15 -12 -8 -7 0 8 4 6 7 12 13 22 16 16 17 26 22 24 31 32 41 43 43 39 43 42 40 37 42 47 38 41 38 42 39 36 30 32 36 35 32 
36 34 35 40 35 36 35 31 30 35 35 39 37 41 34 38 36 45 45 47 52 59 56 62 69 69 71 79 83 89 92 94 88 93 92 90 84 84 78 77 76 70 73 71 69 66 65 65 65 67 66 64 66 67 65 63 65 68 72 69 65 70 72 74 69 71 71 71 71 73 
70 71 73 76 80 78 80 77 78 78 81 80 87 87 86 88 84 88 83 78 66 53 52 32 33 27 24 17 10 4 9 5 -1 0 -2 -4 -5 -8 -9 -10 -12 -10 -19 -17 -17 -14 -6 -7 -5 -7 -7 -3 -2 -10 -4 -9 -4 3 -2 0 2 -3 0 1 -4 -2 5 0 4 0 0 
0 2 5 -2 6 6 3 8 5 5 7 8 8 9 12 17 17 17 17 20 23 20 31 36 40 42 45 46 51 59 63 75 86 84 92 97 108 111 119 121 124 132 137 145 145 149 159 169 174 179 191 194 199 202 204 212 216 216 221 227 229 230 236 236 222 232 230 230 235 235 235 235 234 236 237 237 237 233 236 235 
241 241 236 236 243 240 238 232 238 244 238 235 239 239 231 232 227 225 223 222 221 210 216 215 207 205 201 195 196 187 177 174 168 165 162 159 151 145 138 131 123 121 122 119 111 107 98 94 88 79 76 77 74 71 70 65 61 54 52 46 48 40 41 33 34 26 25 25 23 23 14 10 9 10 3 10 1 0 0 2 0 0 -1 1 0 0 -4 -5 -5 0 0 0 0 
0 1 0 1 0 3 0 5 0 0 4 1 1 1 4 2 4 1 -1 -2 -2 -4 -6 -6 -7 -18 -19 -24 -15 -19 -21 -26 -32 -34 -43 -46 -49 -50 -54 -57 -62 -64 -66 -63 -65 -65 -69 -69 -66 -66 -65 -56 -54 -54 -49 -34 -42 -33 -30 -33 -21 -23 -26 -28 -30 -27 -18 -16 -13 -12 -10 -7 -6 -10 -9 -9 -10 -9 -6 -6 0 -8 -10 -12 -6 -9 -12 -9 -7 -10 -13 -13 -15 -12 -11 -15 -14 -13 -8 -8 -6 -12 -10 -13 -10 
-7 -4 -2 -7 -13 -10 -15 -12 -12 -17 -14 -12 -14 -19 -31 -31 -29 -30 -25 -30 -31 -33 -32 -33 -34 -35 -35 -36 -30 -36 -34 -37 -43 -43 -38 -37 -41 -40 -40 -42 -39 -40 -40 -45 -45 -41 -37 -42 -36 -33 -37 -31 -33 -30 -27 -31 -31 -26 -22 -19 -19 -21 -27 -20 -20 -17 -15 -13 -12 -5 -5 -3 0 5 0 9 6 6 7 7 5 7 11 8 8 13 5 12 5 10 14 17 
39 40 45 43 43 43 41 42 47 44 39 33 38 38 42 39 39 41 43 37 45 36 41 45 33 38 34 30 35 36 30 25 19 21 21 15 4 1 -1 -6 -17 -25 -36 -50 -61 -66 -81 -89 -98 -105 -115 -117 -122 -127 -135 -135 -140 -143 -140 -143 -148 -151 -149 -150 -149 -149 -146 -152 -154 -147 -147 -146 -140 -131 -120 -114 -109 -106 -110 -105 -100 -97 -94 -91 -96 -90 -87 -84 -80 -81 -89 -91 -92 -94 -99 -93 -91 -88 -91 -88 -94 -91 
-91 -91 -91 -95 -99 -91 -96 -94 -97 -103 -105 -102 -108 -105 -110 -113 -119 -121 -130 -130 -135 -137 -144 -148 -156 -152 -157 -161 -161 -161 -160 -158 -159 -156 -154 -156 -152 -151 -147 -144 -135 -133 -121 -114 -106 -104 -98 -95 -81 -83 -77 -66 -60 -53 -44 -35 -32 -25 -25 -16 -12 0 7 13 15 23 21 31 33 39 39 44 44 41 35 49 47 41 46 43 45 42 43 48 47 41 44 44 38 33 40 44 44 38 40 42 39 39 39 43 36 38 43 41 38 43 44 43 40 
45 43 43 44 41 39 40 41 40 44 44 38 44 44 46 55 60 59 67 74 75 73 84 89 90 96 101 101 103 108 106 108 112 117 111 105 111 108 106 109 111 108 100 105 107 105 106 108 113 107 101 108 104 104 101 103 106 107 108 108 110 112 113 110 110 112 110 108 114 110 104 
109 110 112 120 111 109 111 110 113 113 116 107 114 112 117 111 105 105 99 99 98 89 86 83 81 75 75 70 64 63 48 47 43 40 40 35 30 27 21 21 16 13 14 14 14 11 11 12 12 12 10 3 9 7 8 14 16 13 10 14 8 14 6 8 10 12 14 11 19 13 10 12 12 9 12 8 9 9 9 8 14 9 13 10 12 15 13 10 10 13 10 13 13 5 10 13 14 17 19 16 11 11 15 10 3 12 12 11 11 11 13 14 11 14 10 13 11 13 13 15 15 
12 12 13 14 12 12 12 18 14 15 12 11 9 9 13 15 12 17 20 25 22 24 24 29 29 31 39 38 40 48 50 56 57 57 59 68 79 83 88 93 101 108 112 121 123 129 137 145 153 158 162 162 176 177 187 193 199 212 209 215 222 228 230 232 243 234 248 243 254 254 252 253 258 260 263 256 262 263 262 263 267 263 268 267 266 268 270 267 267 264 269 261 258 266 266 268 260 261 270 266 263 
268 262 269 269 263 263 265 265 262 267 264 264 261 263 250 250 259 253 247 246 242 237 226 222 218 215 215 202 193 192 190 182 170 161 151 147 138 127 120 120 120 109 99 92 86 80 77 73 69 61 59 57 48 47 47 44 38 31 31 30 24 25 20 19 25 24 16 15 18 16 10 15 15 12 11 11 8 13 13 13 10 13 10 7 14 15 15 17 18 15 14 12 
18 20 11 19 21 12 18 19 15 16 18 20 20 20 22 17 18 19 19 15 19 21 24 23 26 26 26 27 21 21 21 18 18 10 7 7 2 0 -2 -11 -16 -12 -11 -16 -16 -24 -24 -25 -26 -28 -29 -34 -39 -33 -33 -32 -32 -31 -30 -29 -29 -29 -23 -20 -25 -25 -25 -22 -22 -19 -21 -23 -11 -9 -6 -3 0 -2 2 6 11 6 12 11 16 16 13 15 23 21 19 20 21 23 25 25 20 22 28 33 33 35 35 32 34 35 32 37 31 32 29 30 35 36 41 35 37 34 39 36 33 35 35 39 
41 40 35 32 32 28 31 29 29 27 33 27 24 20 20 11 13 6 0 3 0 -5 -4 -6 -8 -10 -7 -8 -9 -14 -6 -8 -5 -10 -7 -12 -9 -3 -6 -10 -14 -4 -15 -12 -14 -13 -15 -14 -14 -14 -15 -14 -11 -6 -8 0 2 6 10 10 17 14 16 15 16 15 19 19 21 28 24 23 23 22 20 22 23 21 18 17 18 19 24 22 24 18 26 27 32 32 24 26 28 23 28 27 30 28 29 31 28 22 
53 55 66 63 63 63 64 64 63 66 66 65 69 71 68 72 80 82 81 87 88 90 88 101 101 103 107 109 106 104 110 107 110 112 110 110 108 105 102 101 104 102 109 107 99 102 99 103 100 101 98 97 97 93 102 99 97 97 104 104 102 96 
98 100 106 98 103 100 96 97 99 104 94 99 102 101 102 102 99 99 98 91 90 88 84 72 71 73 61 59 56 55 47 42 47 42 35 37 36 30 28 25 21 17 23 14 16 18 17 18 17 16 20 20 25 22 23 28 30 30 24 24 29 30 27 29 26 28 32 28 30 30 30 30 25 27 27 22 27 29 27 30 27 27 29 29 
26 25 28 28 34 36 27 27 32 33 30 35 38 38 37 40 42 47 52 54 58 62 63 68 71 73 79 85 96 98 107 115 117 124 135 138 149 151 157 166 173 175 178 184 187 195 205 207 215 217 217 221 223 223 228 222 228 234 242 242 244 248 247 250 250 255 255 257 257 259 261 258 260 254 261 262 254 254 259 256 258 256 259 
263 255 255 255 252 258 260 260 260 260 255 261 256 254 254 250 243 245 244 244 236 228 230 217 219 207 197 190 190 187 174 172 157 159 153 139 139 132 130 128 111 113 106 94 85 78 72 72 69 66 64 58 54 56 52 46 51 51 44 44 35 34 38 40 42 36 39 41 39 44 40 43 40 42 43 44 44 48 45 48 45 43 43 43 43 37 45 48 44 49 49 44 47 46 44 46 44 45 45 43 44 41 46 44 46 47 47 41 46 46 48 46 48 47 
45 42 43 48 47 45 45 45 42 50 51 48 44 41 46 44 42 37 43 39 38 31 37 35 35 31 36 27 24 21 18 9 3 1 3 0 0 -5 -2 -7 -15 -23 -13 -14 -24 -29 -29 -28 -30 -27 -32 -26 -24 -13 -17 -17 -25 -19 -13 -7 -1 -1 8 6 6 20 21 31 36 38 41 43 43 42 48 57 57 63 67 65 63 63 62 63 65 67 65 77 77 78 78 78 83 76 78 80 73 78 75 81 77 77 76 76 73 75 75 75 74 76 73 77 77 74 71 77 70 78 72 74 70 69 78 
77 77 71 72 73 70 65 70 68 61 60 50 53 51 43 39 41 42 36 35 29 31 28 16 15 16 9 1 2 -6 -3 -12 -15 -17 -14 -11 -14 -12 -12 -5 -1 0 -4 -2 0 1 1 4 9 10 8 8 15 15 18 18 22 24 24 21 26 29 26 33 38 36 37 29 34 33 38 34 39 40 39 38 36 41 45 47 39 41 43 40 41 39 
41 46 47 46 44 52 46 41 39 46 48 45 42 49 49 51 48 49 50 54 49 52 47 49 54 55 55 56 62 63 60 70 72 78 82 84 86 90 113 114 125 127 129 143 157 163 165 169 183 189 199 205 214 222 222 230 238 244 251 256 267 272 266 269 270 275 272 280 274 285 287 280 282 282 281 282 282 285 285 280 280 282 281 279 278 278 281 284 282 278 275 278 278 
272 272 282 281 275 278 280 277 275 276 277 273 274 275 276 275 274 274 271 265 262 259 260 259 250 241 233 225 220 212 206 194 187 178 172 158 143 138 132 122 111 112 102 87 81 77 71 59 59 51 45 48 45 44 33 31 27 29 26 31 24 21 22 31 37 32 41 43 43 36 36 33 34 39 39 39 44 44 41 44 41 
43 43 43 37 42 45 41 43 42 42 44 42 44 44 47 48 49 41 41 42 44 38 37 34 34 32 32 33 33 32 29 31 23 24 24 23 23 27 22 17 13 10 9 3 6 4 4 4 5 0 0 2 0 -4 -9 -9 -11 -9 -11 -8 -10 -12 -11 -5 -4 2 4 6 14 14 20 22 24 24 26 23 24 26 19 19 15 19 22 22 10 7 12 4 9 4 5 5 -1 2 -3 2 -3 -5 -3 -4 -9 0 -8 -6 -5 -5 -2 -3 0 -5 0 -2 -2 0 
2 1 -3 -5 0 -3 -3 -5 -7 -7 -1 -1 4 -4 -4 -8 -9 1 1 -1 3 10 12 17 13 10 9 7 4 3 7 6 -5 -6 -9 -15 -16 -15 -15 -14 -20 -19 -25 -22 -24 -15 -12 -9 -7 -8 0 0 11 16 17 28 34 29 28 36 34 34 39 45 44 49 45 48 50 55 60 57 57 55 60 61 64 56 58 60 67 60 59 64 60 59 57 59 61 53 60 57 56 54 54 49 47 45 44 46 40 34 31 33 37 31 31 31 27 27 27 27 24 27 27 24 28 29 29 26 28 29 37 34 42 33 41 39 30 33 30 38 39 33 35 32 32 34 34 
35 33 36 31 36 38 38 36 38 40 38 33 33 35 38 39 39 41 35 41 43 47 42 50 52 58 49 51 62 62 65 67 74 82 79 91 87 92 97 99 102 111 120 120 135 145 152 157 163 167 169 180 191 195 197 203 209 211 220 228 236 233 240 243 251 258 256 260 263 268 266 266 265 268 270 276 282 282 282 277 277 275 277 280 273 276 276 278 278 279 276 270 281 270 267 278 
275 276 275 271 269 271 282 272 275 266 263 263 262 270 260 260 253 244 237 244 231 224 217 208 200 202 194 181 174 165 164 161 152 147 133 131 127 120 106 105 103 89 86 83 85 87 63 61 57 55 46 48 46 48 42 36 33 33 37 30 30 32 26 25 29 29 31 35 34 36 33 34 37 35 34 28 30 31 33 30 28 30 32 29 32 34 35 31 34 
27 31 31 34 36 31 33 28 28 32 34 24 26 27 22 20 20 22 14 16 18 22 23 19 15 15 12 18 23 21 23 20 17 17 15 20 18 18 25 24 23 25 25 27 29 29 23 31 33 44 44 50 44 53 55 57 48 60 56 57 59 61 61 58 55 58 53 53 53 55 52 41 43 43 39 38 39 43 44 45 47 44 42 45 43 49 45 40 41 46 47 44 46 
45 39 42 44 46 46 43 45 43 38 44 49 51 47 44 49 46 52 43 43 45 45 46 43 48 38 38 35 33 33 27 21 26 21 10 8 6 2 -2 0 -4 3 3 3 5 5 7 3 7 4 8 8 9 11 14 14 17 24 26 23 24 30 31 34 36 33 41 32 33 32 32 31 31 36 38 36 40 33 35 37 31 30 32 37 34 35 40 38 32 37 39 42 
53 49 53 52 46 51 53 50 45 52 48 48 48 48 47 41 49 49 54 51 49 52 54 56 57 71 76 80 85 94 105 107 118 117 119 125 138 143 143 138 143 142 139 138 142 132 133 137 139 140 142 139 136 143 143 140 143 143 141 134 132 137 142 143 145 145 142 140 147 139 141 140 144 138 136 138 138 139 
136 145 145 139 141 137 139 141 143 146 142 144 138 135 123 116 112 100 91 79 79 73 71 67 61 60 48 41 41 32 29 32 26 21 14 11 18 15 13 13 13 7 5 8 8 5 10 10 12 9 6 9 14 10 5 7 5 11 16 
48 50 51 52 50 52 49 54 53 49 48 51 50 58 58 54 53 52 50 50 56 57 54 51 54 51 45 45 47 44 40 33 35 26 25 22 19 16 14 7 3 -8 -7 -15 -19 -27 -24 -29 -50 -56 -64 -73 -82 -90 -90 -100 -105 -107 -113 -121 -116 -121 -129 -133 -135 -140 -145 -146 -154 -156 -156 -153 -159 -162 -157 -160 -167 -166 -166 -165 -162 -162 -163 -157 -154 -157 -151 -150 -158 -149 -151 -150 -144 -143 -146 -148 -150 -147 -150 -144 -154 
-149 -155 -149 -148 -151 -151 -146 -145 -148 -146 -146 -151 -154 -158 -153 -150 -155 -157 -149 -151 -153 -161 -161 -158 -160 -155 -161 -159 -161 -155 -153 -149 -147 -143 -141 -138 -136 -137 -128 -119 -122 -113 -110 -104 -96 -87 -80 -77 -67 -57 -54 -47 -46 -38 -32 -30 -28 -23 -17 -11 -13 -4 1 11 8 16 10 19 26 28 30 34 32 41 42 38 40 44 45 43 48 49 52 51 53 53 51 52 49 54 51 51 48 49 49 44 
-32 -33 -28 -30 -33 -29 -34 -34 -31 -31 -29 -29 -30 -27 -24 -25 -27 -32 -29 -30 -27 -24 -26 -28 -29 -34 -35 -32 -29 -35 -41 -34 -37 -42 -44 -49 -51 -53 -53 -51 -54 -54 -62 -59 -56 -54 -54 -60 -63 -60 -64 -64 -67 -64 -55 -65 -58 -59 -54 -56 -56 -54 -46 -40 -46 -44 -42 -39 -36 -39 -34 -38 -29 -32 -34 -34 -29 -30 -27 -32 -29 -27 -28 -26 -30 -34 -31 -33 -30 -31 -33 -27 -30 -31 -30 -27 
-29 -27 -27 -31 -34 -29 -32 -29 -29 -26 -22 -26 -22 -29 -20 -24 -23 -25 -25 -24 -26 -24 -26 -30 -30 -24 -32 -34 -39 -39 -39 -48 -50 -51 -55 -54 -52 -51 -54 -57 -57 -62 -62 -56 -52 -55 -53 -47 -50 -46 -40 -37 -34 -32 -30 -28 -21 -22 -24 -21 -21 -13 -12 -5 -7 -8 -5 -7 -7 -1 1 1 0 3 1 0 -1 1 2 1 0 2 6 0 0 4 5 5 6 1 6 1 
3 0 -2 0 2 -1 -1 4 4 0 -1 3 9 2 2 4 3 4 1 0 0 2 -6 -1 -2 -4 0 -6 -12 -12 -15 -17 -20 -22 -27 -32 -32 -37 -37 -39 -41 -47 -49 -50 -50 -52 -56 -59 -64 -66 -61 -61 -55 -60 -68 -65 -70 -68 -61 -64 -61 -58 -57 -61 -56 -54 -58 -57 -57 -46 -50 -44 -49 -45 -53 -43 -38 -33 -33 -36 -35 -37 -40 -38 -33 -27 -31 -34 -37 -31 -33 -37 -39 -38 -37 -37 -38 -34 -40 -37 -38 -43 -40 
-38 -37 -39 -39 -42 -39 -41 -38 -45 -45 -42 -43 -46 -49 -40 -40 -38 -41 -34 -34 -37 -40 -38 -42 -36 -40 -37 -39 -46 -40 -42 -46 -54 -55 -57 -65 -64 -63 -65 -66 -69 -73 -80 -79 -76 -81 -78 -77 -73 -75 -75 -67 -68 -63 -63 -57 -59 -58 -49 -49 -50 -43 -48 -38 -38 -32 -33 -28 -25 -19 -21 -15 -6 -11 -9 -11 -9 -11 -15 -6 -9 -14 -17 -14 -9 -6 -12 -12 -10 -10 -10 -9 -9 -6 -6 -10 -11 -6 -11 
-14 -7 -14 -14 -12 -11 -8 -11 -15 -11 -13 -13 -12 -14 -11 -14 -14 -17 -21 -19 -18 -18 -20 -23 -25 -28 -30 -26 -26 -26 -30 -37 -38 -41 -45 -47 -51 -47 -54 -59 -59 -56 -57 -61 -69 -66 -66 -63 -66 -65 -76 -73 -73 -70 -67 -65 -64 -56 -59 -64 -63 -62 -59 -53 -55 -48 -50 -45 -41 -35 -35 -35 -37 -31 -26 -31 -35 -35 -33 -27 -35 -38 -35 -31 -39 -40 -38 -35 -46 -48 -42 -44 -44 -41 -41 -44 -38 -38 -44 -38 -40 -43 -45 -42 
-40 -42 -46 -43 -45 -45 -44 -40 -35 -41 -39 -44 -42 -41 -45 -44 -41 -46 -43 -39 -41 -46 -45 -42 -40 -45 -42 -37 -47 -47 -48 -46 -49 -46 -49 -54 -56 -53 -62 -62 -59 -61 -63 -65 -65 -67 -61 -66 -68 -64 -66 -60 -55 -57 -58 -53 -54 -54 -50 -48 -44 -43 -46 -43 -37 -42 -39 -36 -33 -31 -27 -22 -19 -21 -20 -16 -15 -19 -21 -15 -21 -22 -14 -15 -12 -12 -13 -10 -19 -19 -19 -13 -20 -17 -14 -19 -20 -14 -14 -19 -16 -20 -14 -13 -13 -19 -21 -23 -22 -21 -21 -16 -22 -20 -22 -17 -21 -18 
-6 -6 -11 -9 -9 -8 -10 -12 -12 -15 -5 -6 -8 -10 -11 -5 -2 6 9 17 22 33 44 49 62 64 72 76 91 97 99 101 109 111 108 115 117 119 119 121 115 121 115 124 116 120 119 118 111 114 116 114 114 113 110 110 115 109 112 111 116 116 110 113 113 118 119 121 115 120 119 119 120 119 113 117 121 120 119 114 111 
117 117 119 118 114 116 116 114 120 111 119 120 120 114 119 118 114 104 101 98 94 85 80 68 57 50 48 33 29 22 10 3 -5 -15 -29 -34 -37 -38 -41 -41 -39 -40 -41 -35 -35 -40 -35 -33 -36 -32 -40 -40 -37 -39 -33 -29 -29 -32 -34 -34 -37 -34 -25 
-29 -29 -31 -32 -27 -39 -33 -30 -26 -27 -25 -30 -25 -25 -20 -17 -15 -3 -3 5 13 21 27 31 45 52 56 66 78 86 88 96 109 104 106 111 113 114 115 120 115 120 115 119 118 116 113 119 123 123 119 121 116 121 126 
117 121 115 121 121 121 128 120 119 122 122 125 127 125 122 120 119 117 113 107 109 111 108 105 101 97 84 74 72 63 53 39 31 22 21 18 16 10 15 15 11 8 4 4 1 6 3 5 4 5 0 -1 
41 40 32 37 33 32 34 39 36 36 41 29 31 33 37 36 36 36 36 37 37 38 36 38 38 35 35 35 37 28 25 25 19 14 9 10 7 3 3 -6 -11 -24 -28 -25 -35 -42 -49 -45 -53 -60 -64 -73 -80 -84 -93 -99 -108 -104 -112 -117 -126 -133 -141 -136 -139 -137 -146 -150 -142 -147 -150 -150 -149 -156 -154 -155 -158 -153 -151 -153 -151 -151 -151 -146 
-141 -142 -135 -132 -129 -129 -126 -113 -102 -105 -97 -91 -85 -82 -74 -69 -66 -56 -44 -37 -35 -30 -27 -17 -4 -5 -4 1 5 7 15 12 16 17 16 17 14 21 21 18 21 21 23 25 22 24 26 27 28 30 25 24 22 22 33 29 30 24 34 
2 2 2 2 0 2 2 5 4 8 2 4 2 2 10 5 10 4 9 0 4 2 -3 -6 -2 -7 -11 -11 -16 -13 -20 -23 -23 -31 -36 -36 -46 -54 -63 -70 -79 -86 -91 -99 -107 -115 -125 -134 -142 -147 -152 -154 -154 -158 -160 -163 -159 -163 -168 -172 -174 -171 -178 -169 -171 -171 -168 -165 -165 -165 -165 -162 -159 -157 -151 -155 -151 -154 -152 -146 -148 -146 -148 -148 -149 -140 -148 -146 -145 
-149 -152 -146 -151 -156 -150 -154 -147 -152 -153 -153 -152 -147 -148 -152 -153 -156 -164 -162 -169 -171 -167 -167 -169 -170 -174 -173 -175 -178 -178 -180 -173 -176 -177 -174 -176 -168 -165 -165 -161 -162 -153 -146 -138 -138 -128 -115 -112 -101 -96 -92 -80 -80 -73 -68 -63 -60 -53 -51 -48 -45 -35 -32 -28 -28 -20 -17 -19 -13 -19 -21 -9 -19 -12 -6 -13 -13 -10 -12 -15 -13 -15 -15 -15 
-10 -7 -9 -12 -11 -9 -12 -11 -17 -11 -11 -8 -10 -11 -10 -6 -9 -9 -14 -10 -7 -12 -13 -16 -10 -1 2 9 17 16 28 39 45 53 63 72 75 84 86 90 99 96 97 107 99 93 108 105 104 104 103 103 105 103 95 99 101 102 96 98 99 99 105 105 104 104 101 100 105 105 100 95 103 99 101 98 95 
102 102 100 102 104 104 101 104 101 96 97 98 105 105 105 93 94 91 88 96 96 85 84 86 74 67 68 59 50 52 49 36 34 31 25 19 14 6 3 -1 -5 -8 -10 -16 -18 -17 -19 -24 -21 -21 -26 -26 -29 -27 -27 -28 -28 -23 -22 -26 -24 -26 -27 -29 -27 -25 -26 -23 -23 -24 -26 -26 -26 -25 -24 -22 -24 -28 -25 
-18 -15 -7 -9 -15 -5 -9 -13 -15 -15 -17 -14 -13 -11 -13 -10 -18 -16 -16 -10 -7 -14 -13 -10 -12 -11 -16 -14 -8 -19 -15 -12 -4 7 4 6 17 21 30 35 42 48 57 63 73 79 84 85 102 111 115 131 132 140 154 159 159 163 167 175 177 179 187 190 196 198 202 213 218 216 222 219 220 218 222 224 215 217 219 224 218 226 224 217 213 215 217 214 215 217 217 216 216 210 213 215 215 219 214 213 218 217 217 
219 220 215 212 212 210 212 219 219 207 213 218 211 212 217 208 214 209 207 207 209 210 199 193 190 183 176 170 158 160 155 151 151 136 134 123 117 117 102 99 90 92 78 64 59 52 46 37 28 22 20 17 10 10 5 2 -4 -9 -14 -19 -24 -24 -27 -42 -47 -41 -43 -31 -36 -34 -40 -40 -40 -37 -37 -39 -41 -33 -33 -29 -31 -28 -25 -31 -31 -31 
-24 -32 -32 -32 -30 -30 -30 -29 -23 -25 -28 -22 -23 -25 -21 -22 -22 -22 -29 -34 -34 -35 -30 -30 -29 -27 -32 -37 -37 -41 -38 -38 -38 -42 -41 -49 -56 -61 -45 -51 -56 -48 -51 -52 -54 -54 -52 -50 -46 -49 -45 -47 -41 -40 -42 -39 -33 -27 -27 -29 -30 -33 -24 -24 -19 -20 -19 -17 -19 -13 -12 -12 -14 -11 -9 -11 0 -5 -5 -10 -4 -5 -5 -11 -13 -7 -5 -10 -10 -9 -9 -8 -10 -9 -5 -8 -5 -10 -14 -18 -12 -13 -13 -7 -5 -12 -8 -13 -7 -15 -16 -5 -8 -9 -6 
-3 -5 -1 -7 -2 -7 -11 -12 -8 -10 -12 -12 -16 -11 -19 -13 -15 -10 -12 -20 -29 -26 -17 -28 -28 -36 -40 -39 -50 -44 -49 -60 -57 -61 -57 -59 -63 -69 -72 -78 -73 -76 -78 -81 -75 -74 -77 -75 -75 -72 -74 -74 -74 -68 -68 -70 -66 -63 -60 -55 -54 -52 -51 -53 -43 -41 -38 -36 -37 -34 -34 -37 -33 -31 -32 -32 -27 -27 -27 -21 -25 -16 -16 -21 -19 -23 -25 -18 -19 -19 -16 -10 -14 -15 -19 -17 -14 -19 -19 -18 -20 -17 
19 21 22 19 19 19 20 18 16 19 16 19 19 21 19 19 21 23 19 21 27 16 18 18 15 14 13 11 6 12 6 2 0 -6 -8 -19 -19 -27 -39 -55 -66 -77 -82 -90 -92 -102 -105 -117 -126 -131 -139 -141 -148 -149 -151 -154 -155 -153 -153 -153 -156 -153 -151 -150 -158 -153 -147 -152 -150 -144 -152 -146 -143 -142 -135 -141 -146 -135 -135 -129 -126 -129 -127 -121 -118 -118 -120 -114 -119 -119 -113 -115 -121 -120 -118 -120 -118 -116 -118 -123 -122 -122 -120 -125 -125 -126 
-121 -122 -125 -125 -121 -132 -133 -132 -128 -132 -137 -137 -142 -144 -150 -145 -152 -153 -158 -158 -158 -162 -165 -162 -155 -162 -162 -158 -164 -162 -159 -155 -155 -151 -146 -138 -139 -141 -132 -129 -131 -131 -122 -116 -111 -107 -104 -92 -90 -87 -86 -71 -68 -70 -61 -58 -58 -55 -47 -42 -39 -33 -33 -28 -29 -26 -25 -28 -21 -19 -21 -18 -15 -15 -20 -22 -14 -16 -21 -18 -20 -17 -19 -16 
-19 -18 -18 -21 -10 -14 -18 -12 -14 -19 -14 -14 -7 -10 -9 -2 3 5 5 12 20 30 32 32 40 56 61 69 73 78 76 84 80 80 88 82 82 86 89 91 90 91 88 90 96 93 95 104 106 100 102 98 100 102 103 106 105 100 98 101 108 102 100 97 105 107 100 97 99 105 100 
101 109 110 110 104 102 100 105 102 104 102 95 100 102 100 94 94 95 95 91 88 77 74 62 59 56 56 52 40 34 26 20 18 3 0 0 -17 -14 -20 -18 -21 -21 -23 -25 -25 -29 -29 -21 -24 -25 -25 -27 -24 -22 -24 -22 -21 -21 -21 -21 -24 -20 -21 -21 -21 -25 -26 -24 -19 
-25 -27 -22 -26 -24 -16 -21 -23 -23 -25 -22 -26 -19 -25 -19 -18 -19 -19 -18 -12 -9 -13 -12 -7 -8 -8 -1 -1 0 -2 5 5 16 24 26 28 37 44 53 50 58 60 74 88 93 90 98 105 115 124 121 129 133 141 148 153 161 165 173 175 183 185 199 202 205 207 213 207 213 209 220 222 225 220 223 217 229 223 225 227 231 219 222 220 224 220 221 223 223 218 218 215 216 221 218 212 210 214 216 218 224 222 222 218 220 222 221 212 214 
218 216 218 221 219 218 220 219 219 219 216 216 216 213 215 216 216 207 215 206 203 203 206 198 184 178 177 176 167 162 154 142 136 135 126 123 112 105 99 95 89 80 71 71 69 62 50 40 35 35 26 17 5 8 0 -3 0 0 -11 -15 -17 -16 -19 -24 -20 -20 -21 -21 -14 -13 -16 -18 -15 -16 -16 -19 -14 -19 -16 -16 
-15 -14 -14 -8 -11 -12 -14 -16 -18 -15 -16 -18 -15 -12 -20 -7 -12 -16 -12 -18 -20 -22 -22 -19 -23 -26 -25 -23 -33 -35 -37 -33 -35 -40 -40 -47 -48 -53 -45 -48 -48 -54 -56 -53 -47 -44 -39 -34 -40 -41 -33 -36 -35 -37 -25 -26 -23 -21 -19 -21 -19 -16 -18 -13 -11 -12 -10 -9 -5 -3 -3 -1 0 2 -3 0 0 2 2 4 2 -3 -3 1 4 -1 1 1 1 0 4 1 
5 -1 0 6 5 10 4 4 -3 -2 3 0 2 7 -1 -1 4 5 6 2 5 2 -4 -1 1 1 -4 -6 -15 -28 -25 -30 -40 -42 -34 -39 -52 -59 -55 -56 -56 -55 -63 -63 -65 -66 -68 -67 -70 -70 -68 -68 -66 -73 -70 -70 -63 -67 -57 -56 -56 -59 -55 -49 -48 -49 -53 -50 -49 -48 -45 -40 -39 -38 -35 -35 -32 -32 -30 -22 -30 -24 -19 -28 -30 -24 -26 -23 -25 -26 -26 -24 -26 -26 -26 -23 -21 
10 14 13 13 13 13 8 12 12 11 13 10 14 13 13 10 12 13 13 8 12 12 14 12 7 6 3 8 4 6 0 4 -1 -4 -4 -7 -14 -19 -19 -29 -33 -35 -46 -55 -59 -67 -75 -80 -89 -95 -101 -100 -109 -111 -110 -121 -122 -130 -135 -145 -142 -153 -154 -159 -161 -167 -167 -165 -170 -167 -178 -167 -172 -171 -171 -168 -171 -170 -167 -164 -167 -167 -163 -164 -163 -166 -167 -167 -157 -161 -158 -155 -151 -154 -154 -165 -157 -156 -161 -158 -160 -160 -157 -162 -165 -163 -156 -150 -157 -163 
-156 -159 -160 -158 -159 -161 -158 -157 -157 -157 -164 -159 -156 -159 -162 -154 -160 -162 -167 -172 -170 -174 -173 -177 -178 -177 -182 -181 -172 -173 -181 -177 -179 -180 -171 -173 -172 -170 -165 -163 -167 -161 -152 -154 -151 -145 -141 -128 -131 -126 -126 -118 -114 -111 -104 -102 -94 -92 -83 -85 -80 -79 -68 -65 -57 -54 -54 -51 -45 -47 -42 -32 -37 -30 -35 -31 -31 -30 -33 -35 -35 -33 -36 -33 -35 -37 -39 -41 -37 -35 -34 -37 -39 -39 -39 -41 -38 -34 -37 -34 -34 -34 -37 -35 -40 -37 -38 -38 -29 
-37 -36 -35 -35 -32 -35 -37 -34 -30 -29 -22 -20 -20 -11 0 10 24 26 37 52 60 72 72 78 78 80 85 85 88 91 90 96 100 100 105 105 113 113 115 112 119 119 116 116 118 123 119 116 113 114 119 118 118 120 126 125 123 118 118 124 117 117 122 120 122 122 117 118 115 113 118 115 120 120 124 
121 113 118 112 116 118 116 115 114 106 111 108 91 95 89 80 65 62 50 36 29 23 13 6 7 1 -4 -4 -15 -17 -17 -23 -24 -25 -26 -31 -31 -38 -34 -37 -39 -34 -30 -33 -34 -31 -36 -36 -37 -31 -33 -35 -30 -32 -35 -35 -28 -34 -34 -31 -36 -31 -34 -37 -33 -28 -30 -30 -38 -34 -36 -30 -30 -35 -30 -29 -31 -32 -29 -31 -33 -30 -30 -29 -29 -30 -33 -29 -25 -22 -24 -26 -29 -29 -25 -31 
-28 -26 -26 -23 -25 -33 -27 -31 -23 -23 -20 -29 -23 -30 -27 -18 -21 -13 -13 -13 -10 -10 -7 3 16 10 16 11 17 24 35 37 45 53 57 63 73 71 79 89 94 107 110 122 130 125 133 138 143 147 153 155 163 162 167 170 179 178 186 194 194 200 200 199 199 201 200 202 204 205 207 205 207 207 209 205 206 203 206 200 205 196 195 199 199 202 198 200 200 205 199 197 197 
201 201 192 205 196 201 198 195 192 195 204 202 189 194 194 194 190 192 184 184 183 175 172 165 157 154 149 140 133 124 120 115 107 107 100 92 83 77 73 66 65 60 54 51 47 43 38 35 30 26 26 17 19 19 19 13 11 15 13 13 11 18 12 11 11 4 7 9 9 4 9 8 2 8 8 8 5 7 8 9 8 5 10 7 
6 14 9 2 3 6 8 7 11 10 10 13 5 8 4 7 8 9 11 5 1 -3 -5 -10 -11 -8 -2 -4 -12 -8 -10 -10 -15 -15 -13 -11 -8 -13 -13 -21 -21 -15 -17 -17 -24 -18 -20 -23 -20 -25 -23 -17 -13 -9 -10 -10 -11 -11 -10 -12 -12 2 3 11 18 21 21 21 23 33 31 35 32 35 41 43 46 48 47 38 44 39 40 35 43 39 40 37 37 39 40 31 32 35 33 35 31 29 32 35 35 32 32 34 40 34 32 33 
42 38 45 39 44 38 33 38 40 39 36 42 39 45 39 41 43 35 32 34 36 29 24 24 22 22 15 7 4 0 -3 -17 -12 -14 -22 -25 -34 -37 -37 -43 -40 -45 -42 -48 -49 -51 -51 -49 -45 -46 -50 -33 -38 -39 -36 -33 -29 -35 -37 -30 -29 -28 -22 -26 -28 -29 -25 -19 -16 -19 -19 -16 -16 -17 -18 -17 -14 -12 -14 -11 -11 -16 -9 -8 -10 -5 -7 -6 -6 -2 -4 -4 -10 -3 -3 3 -3 0 -5 
32 29 28 31 29 31 32 33 32 33 33 30 34 34 31 28 26 31 27 24 22 19 20 20 20 14 7 9 6 3 1 -4 -15 -17 -24 -30 -38 -42 -41 -51 -51 -57 -64 -67 -72 -75 -86 -90 -98 -100 -104 -109 -113 -115 -126 -126 -121 -129 -129 -129 -130 -133 -139 -144 -147 -146 -151 -149 -154 -152 -153 -161 -158 -159 -166 -169 -169 -169 -169 -160 -160 -165 -161 -167 -159 -162 -161 -158 -164 -161 -162 -159 -163 -160 -165 -170 -173 -164 -165 
-165 -168 -161 -164 -167 -169 -163 -161 -163 -163 -161 -160 -160 -160 -160 -160 -160 -158 -158 -155 -152 -152 -143 -142 -139 -131 -130 -122 -110 -105 -111 -102 -102 -98 -89 -81 -73 -70 -70 -72 -64 -57 -51 -47 -47 -44 -40 -33 -34 -37 -32 -30 -21 -21 -22 -19 -14 -5 -4 -10 -7 1 0 2 6 9 7 8 19 10 13 15 16 16 15 18 21 15 12 12 19 18 19 18 17 21 23 17 18 9 17 19 18 19 21 
15 15 12 15 15 22 20 22 20 15 20 16 22 16 22 22 21 19 19 21 22 33 35 46 50 52 59 65 69 79 84 92 96 99 98 98 98 103 100 98 97 98 100 106 104 97 97 100 104 103 105 101 101 107 101 103 99 96 98 95 104 104 98 106 103 103 97 92 100 96 103 100 100 99 99 99 99 101 102 107 111 101 95 96 96 98 107 102 102 97 
104 104 98 102 102 103 103 98 95 96 105 100 102 104 104 98 100 100 100 101 95 91 94 91 86 80 75 80 78 69 67 62 56 47 44 36 36 30 21 22 19 16 13 15 12 12 6 11 13 13 10 7 11 12 15 7 10 12 7 8 16 10 10 16 9 17 16 15 13 13 11 11 11 17 11 11 11 12 14 13 11 9 14 8 12 16 17 17 15 18 18 16 20 19 16 14 16 18 18 20 18 7 
12 12 17 9 15 14 17 16 17 14 16 10 11 14 14 15 12 10 18 12 17 17 25 31 34 34 37 43 45 56 61 72 79 81 90 98 110 118 122 136 134 144 153 165 169 174 180 194 199 207 217 223 230 236 241 245 250 250 252 258 260 254 261 266 267 267 271 271 274 275 272 267 274 274 270 275 275 267 272 275 275 269 270 265 267 263 266 266 265 268 262 270 267 267 268 263 263 265 261 266 264 264 263 262 265 259 263 
264 266 268 269 264 261 264 257 259 264 272 270 267 266 261 258 258 260 262 256 261 256 258 256 261 248 249 244 237 223 223 211 213 209 199 192 184 181 174 161 150 144 132 125 122 112 103 100 92 88 85 79 76 67 58 54 51 51 45 36 36 30 23 23 28 23 17 16 18 18 19 13 14 25 19 11 21 17 17 19 12 15 17 22 17 22 16 13 14 17 19 20 23 23 18 20 22 19 21 23 26 23 24 
19 17 20 20 19 22 21 20 20 24 22 17 22 24 22 19 27 29 22 26 28 33 21 21 24 19 18 25 30 15 9 11 14 10 10 9 6 5 6 4 0 3 3 0 3 -7 -3 -3 0 0 2 4 1 3 7 9 3 5 5 4 6 10 15 9 14 15 17 17 24 24 25 22 28 29 33 27 30 32 30 38 32 34 29 30 32 31 32 36 30 27 29 28 36 30 28 29 30 30 35 34 23 25 32 35 31 31 33 29 31 35 33 
34 29 34 29 30 38 40 31 31 39 36 30 32 32 32 34 35 29 33 30 25 33 34 31 31 25 23 20 17 11 9 5 -2 0 -1 -6 -9 -12 -14 -19 -18 -23 -23 -20 -22 -19 -24 -22 -23 -21 -17 -21 -20 -17 -11 -15 -5 -11 -7 -9 -6 1 0 -5 -2 0 -1 5 10 7 16 18 13 18 21 18 20 23 23 14 15 17 23 23 16 24 26 
9 11 8 10 10 10 6 12 9 18 15 15 16 17 19 19 25 30 39 44 46 48 55 64 72 76 76 81 82 96 94 93 94 97 95 99 99 104 99 106 109 107 107 105 115 109 104 105 105 104 109 103 98 106 105 105 107 105 108 103 103 102 106 
102 109 109 110 107 98 102 99 103 101 109 107 108 107 104 101 105 102 103 94 94 96 93 87 82 82 76 77 70 67 67 59 59 59 56 54 45 41 45 39 33 35 37 33 33 37 40 40 42 44 41 41 38 43 40 39 40 38 41 43 44 40 37 39 40 45 45 46 41 41 42 43 43 45 42 40 42 38 40 48 41 43 38 42 42 41 46 43 44 46 48 45 40 42 
38 42 39 44 44 43 40 40 42 39 44 43 42 43 43 47 41 39 40 42 50 54 56 55 55 66 67 71 75 75 75 80 83 88 105 105 105 108 122 129 134 136 150 153 164 172 173 181 186 194 202 210 221 226 227 227 232 234 242 243 250 251 250 252 253 261 259 260 260 259 256 256 256 256 258 254 256 253 258 257 254 255 257 260 257 259 258 254 255 257 255 260 257 256 256 258 261 258 
258 258 258 258 255 254 256 263 255 257 256 263 260 257 257 252 254 253 252 247 245 237 235 232 216 220 208 205 199 191 182 169 167 160 151 143 137 131 119 111 113 109 100 91 80 70 72 65 53 48 45 39 29 28 25 24 24 22 19 19 20 18 26 20 18 18 16 19 20 27 21 20 22 25 26 19 22 23 24 24 26 22 24 24 28 
26 27 28 26 25 27 28 19 27 27 24 23 23 23 28 26 24 24 29 24 24 25 25 27 28 28 29 24 25 26 23 23 19 24 20 20 17 11 11 16 15 11 13 10 12 8 13 5 1 -1 0 -5 -7 -12 -6 -9 -13 -8 -11 -5 -7 -6 -13 -7 -12 -14 -10 -9 -11 -3 -11 -10 -7 -12 -12 -6 -4 -1 0 5 10 10 15 10 12 18 18 9 14 18 18 18 14 18 20 15 17 17 8 12 17 14 9 9 8 12 19 21 18 16 17 19 24 17 23 17 27 27 25 22 28 24 28 29 
23 21 24 24 24 20 28 29 28 24 23 25 22 19 14 17 22 19 16 24 20 12 7 7 3 0 -2 -8 -14 -22 -21 -28 -33 -30 -38 -35 -40 -41 -41 -43 -44 -40 -48 -50 -42 -35 -35 -35 -38 -33 -26 -20 -20 -17 -13 -15 -14 -8 -8 -6 -8 -6 -8 -10 -1 -5 -2 -3 1 6 3 7 2 4 3 5 11 8 8 9 11 7 12 10 13 14 13 13 13 11 11 8 10 10 9 10 13 14 
43 48 42 42 46 44 49 46 43 46 44 39 39 44 39 38 42 39 36 31 33 30 24 15 11 15 8 6 0 -2 -12 -10 -19 -21 -26 -29 -36 -47 -54 -62 -67 -81 -87 -92 -96 -110 -116 -114 -126 -135 -137 -145 -146 -147 -152 -156 -167 -166 -163 -167 -172 -165 -167 -173 -173 -167 -173 -171 -171 -171 -174 -171 -174 -171 -162 -162 -164 -164 -157 -163 -161 -159 -157 -159 -160 -159 -155 -159 -158 -158 -163 -155 -153 -158 -158 -163 -164 -158 -160 -163 -165 -167 -164 -161 -166 -160 -163 -165 -166 -163 -166 -168 -165 -168 -165 -165 -163 
-165 -167 -167 -169 -167 -166 -171 -169 -169 -174 -165 -177 -171 -173 -174 -168 -168 -173 -173 -169 -167 -168 -166 -163 -155 -149 -150 -147 -141 -139 -130 -127 -115 -111 -113 -103 -100 -91 -81 -86 -77 -76 -68 -61 -52 -41 -36 -38 -34 -25 -25 -25 -24 -15 -9 -4 2 -3 0 1 5 9 14 14 15 9 11 15 17 19 17 17 14 13 8 8 9 9 5 10 12 7 7 0 1 6 0 -1 5 10 -1 5 0 2 2 2 -2 0 -2 0 0 1 0 
0 5 1 5 -2 -2 -5 1 -3 1 -1 0 -1 9 11 12 23 26 37 46 51 51 63 69 78 82 96 92 95 107 103 110 113 118 105 104 106 106 114 114 112 112 112 113 113 117 113 112 117 122 111 113 115 112 118 118 120 117 113 115 117 114 111 116 116 120 114 115 115 114 107 
113 115 116 116 117 116 114 119 117 113 110 112 107 107 106 93 90 90 90 85 85 73 68 57 50 37 31 31 25 19 7 4 1 -1 -1 -1 -8 -11 -18 -18 -18 -29 -24 -24 -24 -25 -25 -25 -20 -25 -25 -23 -24 -22 -19 -19 -21 -16 -20 -19 -21 -17 -25 -23 -17 -20 -20 -11 -19 -16 -18 -17 -18 -24 -21 -18 -18 -19 
-17 -18 -19 -19 -16 -20 -18 -19 -21 -18 -19 -16 -18 -20 -17 -18 -17 -9 -9 -10 -8 -9 -6 -6 -5 4 7 7 21 21 32 40 46 50 58 66 70 67 83 87 93 98 114 119 116 131 136 136 150 153 166 166 174 181 180 187 194 194 199 204 201 209 208 212 218 217 220 225 224 224 222 226 223 226 229 228 227 230 221 229 227 224 227 230 227 226 223 228 227 227 228 228 229 229 223 229 229 227 231 
231 229 237 231 228 226 231 229 226 226 228 227 231 223 225 211 211 212 201 196 184 181 174 167 166 153 139 133 125 121 115 106 103 98 92 85 82 71 68 59 51 55 52 46 44 44 35 35 26 35 28 26 22 24 25 30 26 31 28 30 25 31 33 30 28 28 34 28 36 35 31 30 32 28 29 25 27 29 25 32 28 30 32 
31 26 31 33 33 28 35 32 37 34 31 35 32 33 32 32 32 31 34 39 31 32 26 31 30 30 34 31 32 34 30 24 24 23 20 25 20 20 22 17 14 16 14 14 15 9 13 18 18 18 19 19 15 15 17 22 20 15 20 21 22 36 36 44 46 47 47 55 55 60 62 59 61 66 61 60 60 60 56 56 58 58 54 57 58 52 46 50 50 52 47 41 44 45 50 49 43 43 46 41 46 42 39 39 37 38 39 38 38 38 37 37 41 38 29 31 31 32 33 34 38 38 35 
37 34 34 35 31 33 33 35 33 33 32 34 33 27 32 32 26 31 28 22 27 21 15 14 17 17 19 13 6 0 1 3 -4 -6 -2 -13 -16 -24 -28 -27 -28 -26 -25 -23 -21 -23 -25 -25 -16 -17 -17 -15 -20 -11 -11 -15 -6 -6 0 1 5 2 4 4 13 12 15 15 12 9 11 11 15 11 18 15 10 14 14 16 13 13 20 14 16 15 23 23 25 22 24 21 20 20 19 
12 14 17 15 15 9 11 8 2 12 8 6 9 14 8 12 8 9 9 3 3 2 -1 -5 -11 -10 -10 -15 -19 -20 -25 -38 -34 -34 -46 -54 -59 -61 -74 -83 -90 -95 -98 -108 -119 -122 -119 -126 -132 -139 -145 -146 -152 -154 -156 -167 -164 -166 -168 -170 -173 -168 -177 -180 -185 -176 -179 -174 -174 -170 -165 -165 -163 -160 -164 -158 -155 -149 -148 -147 -147 -145 -147 -145 -146 -146 -146 -143 -141 -141 -141 -143 -145 -147 -146 -148 -149 -150 -147 -147 
-152 -154 -154 -159 -156 -151 -149 -158 -155 -155 -158 -165 -166 -168 -165 -174 -171 -172 -172 -175 -183 -176 -178 -177 -177 -179 -174 -177 -181 -172 -175 -172 -163 -165 -156 -154 -156 -146 -142 -133 -129 -123 -111 -110 -95 -87 -85 -79 -83 -72 -69 -58 -56 -53 -46 -41 -38 -32 -33 -27 -25 -16 -18 -15 -13 -12 -12 -14 -16 -8 -10 -7 -11 -6 -10 -7 -4 -12 -9 -4 -9 -7 -6 -8 -6 -10 -4 -4 -4 -6 -7 -12 -6 -10 -7 -9 -14 -11 -8 
-13 -5 -10 -10 -8 -6 -10 -10 -4 -9 -8 -15 -16 -10 -4 -4 -3 -2 11 8 12 16 21 28 31 34 45 52 53 62 68 76 76 82 82 82 83 91 96 91 89 94 96 104 104 104 104 104 106 106 104 107 100 111 106 105 103 100 107 104 106 108 105 105 108 105 105 107 101 103 101 
103 105 105 105 108 105 113 107 103 112 105 102 101 103 104 98 94 90 85 70 62 53 46 43 28 16 10 1 5 0 -5 -14 -16 -13 -10 -19 -21 -23 -25 -16 -24 -24 -24 -18 -24 -20 -24 -23 -25 -22 -21 -18 -17 -11 -16 -13 -17 -18 -14 -16 -19 -14 -8 -11 -13 -11 -14 -7 -15 -9 -11 -6 -9 -11 -13 -17 -14 -13 -9 
-10 -12 -12 -14 -11 -13 -12 -13 -11 -14 -16 -11 -9 -14 -13 -9 -8 -3 -8 -13 -5 -7 -4 1 1 3 10 15 20 17 24 24 24 37 40 44 55 60 62 73 82 84 92 103 112 118 134 142 149 157 157 168 173 174 176 192 194 196 201 205 212 212 217 222 216 223 223 223 220 225 219 213 220 220 211 204 212 209 210 204 209 210 210 206 203 207 206 207 205 206 209 206 209 207 210 209 211 210 202 206 206 210 213 
208 209 211 208 210 212 213 213 205 213 210 206 206 200 204 197 199 197 191 182 179 179 167 163 153 150 149 142 133 125 117 119 103 97 86 80 75 77 62 50 47 41 34 30 25 24 24 15 6 2 -1 3 0 -5 -1 -9 -10 -10 -12 -13 -21 -18 -14 -11 -18 -20 -18 -21 -16 -17 -18 -15 -15 -16 -16 -13 -10 -12 -13 -15 -13 -9 -8 -10 
-14 -14 -11 -10 -13 -7 -9 -8 -11 -8 -12 -8 -10 -7 -5 -7 -8 -5 -5 -6 -8 -11 -11 -10 -8 -8 -9 -6 -8 -14 -11 -14 -19 -13 -8 -8 -11 -19 -22 -23 -26 -28 -28 -28 -31 -39 -44 -44 -49 -50 -54 -51 -61 -62 -63 -63 -65 -62 -63 -64 -65 -61 -68 -56 -52 -47 -41 -43 -43 -41 -35 -40 -37 -30 -26 -18 -17 -17 -13 -21 -15 -19 -19 -14 -10 -15 -15 -13 -11 -11 -8 -8 -9 -16 -14 -16 -10 -7 -10 -12 -10 -9 -11 -11 -8 -12 -9 -12 -7 -10 -11 -6 -2 -10 -6 -3 -4 -5 
-10 -7 -11 -4 -4 -7 -12 -5 -7 -9 -14 -6 -2 -2 -9 -17 -17 -8 -13 -4 -9 -14 -14 -22 -31 -22 -29 -28 -36 -48 -43 -37 -47 -47 -48 -55 -54 -64 -61 -55 -61 -61 -56 -58 -55 -48 -55 -52 -55 -51 -53 -47 -44 -44 -41 -44 -40 -41 -38 -38 -32 -29 -22 -26 -21 -23 -25 -25 -19 -20 -13 -21 -24 -21 -17 -17 -7 -9 -9 -12 -17 -17 -17 -11 -13 -10 -9 -8 -11 -12 -4 -6 -10 -12 -5 -5 -8 -10 -13 -14 -8 -11 -13 -12 -14 -14 -16 -15 
