-3 -3 -3 -6 -7 -4 -5 -2 -7 -8 -5 -5 -2 -7 -3 -8 0 0 -2 0 6 0 4 -1 2 3 3 8 8 7 10 18 20 19 20 21 21 22 19 22 24 27 24 31 34 29 35 35 43 42 49 43 52 57 65 59 66 68 71 71 78 79 79 73 75 70 70 70 73 70 69 74 72 75 73 78 78 75 84 83 83 84 86 82 82 77 82 81 82 82 78 79 82 79 76 73 73 72 74 76 72 73 70 65 68 72 72 76 76 73 70 70 72 66 66 68 70 71 
73 68 70 68 68 69 66 70 71 69 69 71 69 75 66 71 73 73 78 72 76 82 82 80 82 82 88 88 84 91 86 87 87 86 85 82 83 75 81 79 80 76 72 64 68 61 60 56 54 50 50 48 42 40 45 39 39 36 30 33 35 35 30 29 24 26 25 27 29 26 26 19 23 25 26 25 24 32 24 30 27 30 29 27 24 26 31 21 27 34 38 35 40 33 30 31 29 31 32 32 26 34 30 35 26 23 29 32 34 31 31 32 31 31 36 34 31 29 30 35 29 
24 26 35 32 32 30 33 31 33 35 31 37 29 35 40 40 42 61 61 77 90 98 109 123 131 138 154 168 180 192 202 224 229 241 249 258 266 285 302 313 325 331 342 349 354 351 359 367 367 363 365 367 365 370 367 364 358 366 370 364 361 363 365 362 361 367 364 363 363 359 364 366 361 363 364 363 360 358 363 358 363 363 370 364 362 362 359 361 358 365 360 360 360 360 354 356 362 362 361 361 362 363 361 362 362 
364 364 361 359 361 360 362 362 352 361 358 352 346 333 318 309 294 280 261 247 232 214 198 175 158 145 135 116 104 86 83 72 63 48 37 28 18 6 3 0 -2 -7 -9 -16 -18 -21 -26 -23 -25 -25 -27 -23 -22 -22 -22 -16 -19 -16 -18 -19 -19 -13 -16 -18 -15 -12 -17 -14 -5 -15 -12 -13 -18 -13 -13 -8 -10 -9 -3 -13 -13 -17 -12 -16 -13 -10 -12 -9 -12 -16 -14 -11 -5 
-12 -12 -6 -11 -12 -10 -11 -8 -6 -10 -14 -6 -11 -5 -13 -14 -14 -9 -9 -15 -14 -16 -14 -15 -12 -21 -24 -24 -28 -33 -24 -32 -34 -31 -38 -40 -45 -43 -41 -47 -45 -50 -52 -50 -44 -51 -45 -47 -49 -49 -47 -49 -51 -46 -48 -44 -37 -39 -28 -36 -33 -38 -29 -31 -19 -23 -20 -16 -19 -13 -14 -18 -13 -14 -15 -14 -14 -12 -8 -11 -9 -11 -13 -15 -13 -11 -13 -8 -16 -21 -12 -14 -14 -19 -11 -16 -13 -15 -9 -11 -12 -9 -6 -15 -15 -12 -14 -7 -9 -9 -17 
-9 -14 -11 -12 -14 -9 -6 -9 -9 -11 -13 -10 -10 -10 -7 -16 -11 -11 -12 -13 -15 -17 -17 -21 -19 -21 -26 -23 -23 -28 -33 -38 -33 -38 -52 -47 -46 -43 -45 -47 -48 -47 -47 -47 -44 -40 -42 -45 -53 -36 -33 -32 -31 -26 -21 -22 -22 -15 -12 -9 -4 1 3 3 2 7 2 0 6 14 16 10 12 16 17 15 18 10 13 15 13 10 14 17 7 8 7 5 1 -4 1 1 0 5 0 -2 -4 -6 -5 -9 -4 -3 -7 -4 -10 -4 -6 -7 -5 -10 -10 -14 -8 -15 -16 -10 -12 -9 -17 -20 -12 -16 -10 -10 -13 -10 -15 -17 -14 -13 -17 -19 -14 -15 -13 -19 -13 -10 -13 -15 -12 -13 -16 -12 -16 -17 -17 -17 -18 -21 -18 
-17 -14 -20 -14 -14 -16 -16 -14 -16 -18 -23 -14 -14 -11 -18 -14 -15 -15 -14 -17 -14 -8 -8 -8 -8 -11 -4 -4 -9 -3 -8 -2 0 0 0 6 7 15 11 14 11 14 19 19 19 25 27 31 32 36 40 47 47 57 55 57 59 70 76 79 84 89 94 96 104 111 116 116 131 136 134 133 138 146 148 147 158 161 163 163 171 175 179 179 184 186 181 182 188 193 196 189 191 185 189 197 192 189 189 193 196 197 191 193 198 199 197 201 202 190 195 189 195 194 194 196 191 194 197 196 192 193 191 
195 197 200 199 197 202 196 193 195 195 192 200 197 194 193 193 195 200 194 182 187 181 177 177 169 171 174 168 165 163 157 157 151 150 144 139 141 132 123 120 112 116 113 107 108 96 96 95 90 87 82 73 75 75 66 64 62 61 58 55 49 43 43 39 40 43 39 39 43 40 37 32 29 26 30 27 25 27 22 24 26 26 26 25 22 27 28 25 32 29 29 31 31 26 23 33 31 29 26 26 28 28 32 32 26 28 25 26 
-9 -14 -8 -9 -6 -8 -8 -6 -8 -11 -10 -15 -9 -13 -17 -14 -16 -11 -14 -8 -8 -10 -10 -10 -7 -8 -8 -14 -17 -8 -13 -19 -19 -19 -17 -18 -15 -15 -9 -10 0 3 0 8 10 7 5 9 4 14 8 22 16 16 16 18 20 21 18 20 17 20 18 15 23 20 17 14 14 20 15 12 15 18 15 11 11 5 6 12 9 0 0 2 0 6 3 0 1 0 -8 -17 -4 -4 -4 -8 -9 -10 -10 -8 -11 -11 -15 -10 -11 -19 -23 -20 -16 -16 -18 -20 -17 -18 -19 -18 -24 -20 -20 -23 -23 -18 -18 -22 -28 -28 -30 -28 -26 -24 -26 -27 -25 -21 -25 -31 -26 -20 -29 -23 -21 -26 -22 -22 -19 -27 -27 -15 -20 -22 
-21 -12 -16 -21 -18 -16 -18 -21 -19 -15 -11 -10 -9 -13 -7 -12 -6 -4 -1 0 -1 1 1 0 3 5 6 5 9 12 9 9 12 10 10 15 20 15 12 16 9 12 14 9 11 12 8 6 8 9 6 8 9 11 8 9 9 4 4 6 7 4 3 2 7 7 3 7 0 0 1 -1 -2 -1 4 1 -3 -3 -3 -1 -1 -1 -2 0 -2 -9 -9 -7 -9 -7 -1 -3 -6 -5 -1 -4 0 -2 0 0 0 0 0 3 3 0 0 2 -4 -1 3 0 -6 -5 -5 -8 -5 -6 -10 -5 -7 -4 -7 -9 -10 -9 -3 -14 -12 -12 -12 -12 -13 -5 -6 -7 -7 -7 -9 -7 -8 -10 -12 -13 -8 -11 
-12 -8 -10 -9 -9 -11 -6 -11 -11 -9 -14 -10 -12 -11 -11 -11 -14 -9 -10 -10 -10 -12 -10 -6 -1 2 5 1 9 21 28 36 47 54 58 72 77 79 91 100 127 135 154 166 177 185 194 207 210 226 236 243 254 254 262 277 282 290 298 302 312 317 325 323 334 335 340 342 345 345 346 350 355 352 358 359 360 354 359 360 359 360 362 357 353 359 359 361 361 355 360 362 360 354 352 355 356 357 357 350 350 353 346 345 349 354 354 354 356 351 359 347 350 347 348 352 354 349 351 349 354 360 355 353 350 348 353 352 352 350 354 351 350 355 356 356 350 355 352 350 353 350 352 
351 356 352 354 351 349 350 352 347 352 352 346 346 345 347 345 345 336 339 336 324 322 320 313 303 294 291 286 273 265 255 243 228 215 201 189 159 143 129 114 93 75 53 42 25 15 0 -10 -19 -23 -25 -31 -37 -36 -40 -43 -38 -46 -48 -42 -42 -50 -44 -46 -39 -33 -33 -30 -29 -29 -26 -30 -27 -21 -19 -28 -23 -25 -23 -21 -20 -23 -17 -20 -20 -19 -22 -22 -23 -21 -18 -20 -17 -16 -17 -18 -23 -23 -21 -16 -15 -20 -20 -20 -17 -19 -14 -17 -16 -18 -20 -18 
-19 -19 -21 -15 -17 -19 -16 -18 -16 -15 -14 -10 1 -6 -4 -8 -13 -17 -24 -23 -23 -22 -24 -24 -26 -25 -24 -29 -27 -25 -23 -28 -25 -30 -32 -33 -27 -32 -37 -35 -37 -42 -39 -34 -32 -36 -30 -30 -24 -20 -18 -24 -21 -19 -17 -26 -23 -28 -25 -19 -27 -24 -18 -17 -21 -20 -26 -28 -20 -20 -23 -17 -20 -19 -23 -24 -27 -27 -27 -27 -27 -33 -24 -24 -23 -21 -20 -17 -17 -17 -16 -13 -20 -16 -18 -16 -18 -20 -22 -22 -21 -21 -16 -16 -17 -18 -12 -21 -21 -18 -16 -13 -14 -22 -16 -11 -18 -16 -18 -20 -16 -17 -12 -14 -19 -20 -18 -18 -17 -22 -16 -18 -12 -20 -19 -17 -14 -13 -21 -15 -14 -21 -20 -19 -22 -19 -26 -23 -18 -22 -17 
-13 -17 -17 -22 -22 -16 -20 -18 -19 -19 -23 -16 -17 -20 -19 -16 -21 -26 -26 -23 -26 -26 -28 -29 -26 -32 -36 -34 -29 -29 -30 -34 -34 -28 -34 -31 -36 -35 -29 -32 -35 -34 -36 -24 -26 -27 -18 -15 -14 -16 -18 -12 -7 -1 -7 -8 -4 -4 1 -1 4 4 2 4 4 5 5 7 11 8 15 15 17 19 16 19 16 17 19 16 16 17 16 21 21 21 18 22 19 23 19 16 16 13 13 13 15 15 15 14 14 16 11 19 13 13 14 9 14 13 12 20 13 15 9 16 19 14 15 19 11 14 11 14 16 13 9 8 13 11 9 17 9 15 18 19 17 17 11 12 12 6 12 12 11 15 22 20 12 14 17 10 12 10 9 11 16 7 16 10 12 14 19 16 14 14 17 14 14 11 15 15 11 11 11 13 9 14 16 13 15 12 14 13 
15 14 13 15 15 20 17 13 13 12 8 11 13 16 13 14 14 18 17 19 18 12 10 18 22 22 27 23 28 29 34 32 34 30 35 36 38 39 41 37 38 41 45 48 43 51 58 61 61 60 60 72 75 74 76 83 86 84 83 91 99 101 101 109 114 114 116 117 119 124 126 129 129 129 131 133 134 136 143 146 148 147 150 144 143 149 154 151 153 155 154 150 158 160 155 155 146 155 156 158 155 159 159 156 158 157 158 166 165 156 159 156 158 160 162 161 162 161 161 165 162 159 164 160 160 156 
161 161 164 161 161 168 164 159 162 166 163 163 163 160 155 153 153 156 160 155 151 148 147 146 147 138 143 140 136 134 132 132 125 126 120 119 113 114 108 102 95 92 85 82 77 76 75 72 66 62 54 62 56 50 47 38 42 45 42 38 35 37 32 29 28 29 28 33 34 29 29 28 25 24 26 16 23 20 20 19 19 27 21 16 21 23 21 23 25 25 15 22 24 22 22 25 30 27 24 24 32 29 30 
6 13 14 9 11 11 13 7 12 11 22 22 16 21 23 27 27 32 35 40 49 49 53 57 59 61 60 55 53 53 50 52 52 50 50 54 51 40 47 44 46 47 45 47 52 52 55 54 57 56 64 63 63 63 67 67 64 67 61 67 62 60 62 55 52 60 53 47 44 44 44 37 40 40 35 35 35 33 36 36 33 34 25 33 27 29 27 28 37 34 26 24 25 31 25 27 28 26 30 31 27 29 24 31 32 32 35 35 33 32 24 32 34 36 33 32 32 37 27 
27 35 35 37 34 28 33 35 37 35 44 43 43 45 44 41 45 39 44 43 45 44 43 45 46 48 45 40 41 42 47 43 42 39 32 29 34 30 32 29 29 38 35 36 33 33 28 26 22 27 26 22 25 21 29 27 32 35 31 31 34 30 35 33 30 31 32 38 35 37 39 37 44 41 48 44 40 40 49 46 44 48 49 49 47 44 46 44 44 45 41 
1 1 0 8 4 6 2 6 4 4 2 1 5 6 6 1 6 7 12 10 12 15 19 24 29 32 40 54 61 70 86 97 102 116 131 144 152 166 177 196 204 226 232 243 255 269 277 284 295 303 314 318 315 324 327 330 334 336 337 346 349 349 353 352 354 352 354 354 352 354 350 350 350 346 354 356 345 349 346 346 342 347 350 349 344 346 351 348 346 345 345 345 345 347 344 347 347 348 348 351 348 348 347 344 341 351 346 346 349 346 
343 345 342 349 351 351 345 347 347 349 343 334 339 339 341 336 330 318 314 297 276 257 238 218 193 176 159 144 135 124 115 100 94 82 74 74 67 61 57 48 46 39 37 29 24 24 14 6 3 -1 0 -8 -6 -11 -8 -13 -15 -13 -17 -13 -17 -11 -8 -8 -8 -6 -6 -8 -6 1 -5 0 -8 -3 0 0 0 -10 -5 0 1 -1 -4 -7 -1 -2 -7 -10 -4 -3 -3 0 -2 0 0 -3 -3 0 -1 1 1 -1 2 -3 0 -5 -4 4 -3 0 2 0 -6 -2 3 -1 -3 -5 
16 13 15 15 11 11 12 20 14 14 15 14 13 15 15 17 16 18 16 21 25 27 32 26 26 29 36 37 36 40 44 44 44 44 44 44 47 43 48 42 42 36 33 38 34 33 30 27 27 24 18 21 12 17 10 12 10 7 7 9 5 5 4 0 0 1 1 -4 -9 -11 -11 -11 -16 -16 -14 -23 -28 -27 -33 -31 -35 -37 -38 -34 -39 -36 -30 -35 -35 -31 -31 -29 -31 -28 -30 -33 -37 -36 -36 -30 -33 -35 -27 -29 -38 
-35 -31 -36 -35 -31 -31 -36 -26 -29 -34 -31 -28 -29 -25 -20 -20 -18 -14 -16 -18 -10 -5 -10 -15 -8 -6 -10 -11 -5 -10 -8 -5 1 -4 -5 -10 -14 -11 -8 -11 -8 -9 -4 -7 -5 0 1 -7 -12 0 1 1 0 -4 -4 -1 -5 0 -1 -1 -7 -4 0 -3 -2 -3 -3 0 0 3 -6 -6 -7 -8 0 -2 3 3 6 4 -2 -2 3 2 5 5 7 5 6 2 4 0 0 3 8 2 8 5 6 4 4 5 3 8 5 12 3 3 11 8 10 0 8 7 11 11 6 7 6 1 5 6 3 10 11 2 4 7 4 4 6 9 7 0 7 6 7 8 6 
5 7 7 9 10 10 6 4 2 7 8 7 5 2 3 15 10 10 7 1 6 3 3 2 2 0 3 -2 -2 -8 -6 0 -5 -6 -3 -3 -11 -8 -11 -8 -14 -14 -16 -18 -20 -22 -18 -18 -18 -15 -16 -11 -19 -18 -18 -14 -10 -4 -4 -1 -2 5 3 9 3 5 9 12 13 18 19 24 27 25 27 35 36 38 35 44 46 48 51 53 50 53 56 60 58 52 54 55 53 49 53 53 59 57 51 52 54 53 54 50 45 47 48 48 53 49 45 51 48 53 54 51 47 54 57 56 53 49 49 45 53 53 50 46 57 55 57 58 56 58 55 55 52 56 61 58 56 61 55 
53 50 56 58 58 52 57 59 56 53 52 52 50 50 46 48 45 50 48 42 40 36 41 43 45 47 46 41 40 32 32 32 28 29 23 24 13 13 13 11 2 0 2 2 6 1 1 -1 0 -1 -1 2 4 14 6 10 15 9 15 14 16 15 20 24 21 23 27 24 29 26 23 25 32 34 34 42 36 32 31 39 36 37 37 34 40 40 38 38 43 40 42 37 39 39 38 40 40 38 36 36 32 31 36 38 36 37 38 38 42 37 34 37 29 35 35 35 38 41 33 34 39 36 36 37 39 38 40 44 35 38 35 32 37 39 36 36 39 36 34 40 40 44 43 38 39 37 
0 4 2 0 0 3 3 1 1 0 3 4 0 2 8 0 4 5 6 11 12 12 14 12 20 25 30 30 30 32 40 37 47 49 46 50 51 53 58 60 76 81 81 84 86 92 97 98 105 108 112 119 125 122 132 134 135 134 139 140 142 147 141 148 149 149 149 150 150 144 145 155 160 159 159 162 162 159 159 161 164 161 163 165 173 176 174 176 172 174 176 178 180 182 179 184 183 180 179 183 177 178 184 185 184 182 184 188 180 187 188 186 183 186 186 185 183 189 183 185 184 182 183 181 181 187 182 186 188 188 193 187 185 187 187 182 187 181 184 187 189 186 188 193 190 190 
184 188 189 189 186 186 184 185 187 183 179 178 174 179 174 170 172 172 172 170 171 169 168 162 157 153 149 150 150 138 138 135 132 118 120 117 108 105 99 97 94 85 83 80 71 72 62 52 49 49 51 49 37 39 36 35 36 30 27 21 20 23 22 22 13 15 14 5 6 5 3 5 -1 4 2 0 4 1 0 0 5 1 1 2 4 4 0 -1 -6 -8 -2 4 6 1 -4 3 4 4 6 3 3 -1 2 -2 -1 6 0 2 2 
11 11 13 8 9 10 10 10 5 15 12 10 11 10 14 16 14 14 14 19 19 13 11 10 13 14 14 16 19 19 19 21 15 22 17 18 20 23 22 22 24 21 26 23 23 22 17 17 13 9 9 6 4 2 2 -2 -2 3 0 4 1 -4 2 -4 -8 -8 -8 -13 -15 -17 -11 -16 -18 -20 -20 -19 -21 -14 -17 -17 -16 -18 -15 -15 -13 -14 -11 -17 -14 -20 -25 -19 -23 -22 -23 -19 -22 -22 -24 -22 -22 -21 -29 -25 -27 -29 -24 -24 -26 -24 -29 -29 -31 -28 -24 -24 -23 -27 -23 -25 -26 -27 -22 -24 -17 -17 -13 -8 -4 3 5 5 5 12 
17 17 11 13 14 8 10 14 14 13 13 15 12 13 7 9 6 7 4 -1 1 3 3 3 6 8 2 5 7 2 4 0 1 2 4 5 11 10 9 6 5 4 5 7 7 7 5 5 7 3 0 4 2 11 3 8 5 9 7 3 5 5 7 5 4 0 8 10 7 8 10 8 5 8 6 8 10 4 12 6 6 9 8 5 7 5 5 11 16 13 
9 8 7 9 12 7 12 12 14 16 13 16 14 11 14 19 19 15 17 12 10 18 15 20 16 23 29 28 25 31 34 36 41 42 46 46 46 48 52 61 63 56 66 64 70 75 85 81 90 101 103 108 107 114 126 130 131 140 151 159 159 161 166 168 176 185 194 202 199 205 205 211 218 219 216 225 224 223 218 226 224 226 227 231 231 232 245 263 277 285 299 313 324 321 331 333 333 331 336 340 339 339 335 335 336 341 341 342 335 335 340 331 335 333 339 332 337 330 
335 335 329 334 335 335 333 333 330 331 331 327 324 322 319 319 314 313 310 305 287 288 273 269 260 252 245 236 237 225 230 221 215 216 215 214 209 208 205 206 195 186 188 182 176 173 167 158 152 144 144 142 136 130 124 122 114 113 112 106 100 95 97 91 85 82 80 76 64 66 63 62 58 52 50 44 39 47 39 43 42 39 37 37 33 30 36 31 31 33 30 28 33 38 38 
1 0 -4 -4 -9 -3 -1 -3 0 -4 -8 -10 -6 -6 0 -1 -3 -7 -4 2 -3 -1 2 0 2 -4 -6 0 -9 0 0 0 -1 -2 -5 -6 -6 -13 -8 -7 -10 -13 -17 -14 -18 -15 -13 -21 -24 -29 -23 -28 -27 -24 -32 -29 -28 -33 -30 -29 -28 -16 -21 -20 -17 -24 -14 -11 -13 -17 -14 -8 -3 -4 -3 0 -2 -1 1 4 4 6 7 9 13 20 19 14 15 24 24 26 23 23 27 21 23 20 20 22 27 18 17 22 21 15 15 20 21 
17 14 22 19 21 15 13 15 18 22 22 22 23 20 15 16 9 14 15 10 12 6 5 7 4 4 3 5 -3 -3 0 -2 -7 -7 -4 0 -5 -5 -13 -10 -8 -10 -8 -6 -8 -8 -7 -4 -3 -3 1 6 -5 -8 -6 -3 -10 -10 -12 -9 -7 -1 -3 -1 -1 3 -2 0 1 8 3 11 5 5 7 10 15 18 18 20 30 31 35 35 33 31 33 32 34 31 38 36 36 36 41 35 38 35 38 35 35 37 39 40 42 41 
28 28 27 27 22 24 24 22 24 25 31 28 24 24 30 32 37 42 44 56 57 68 81 86 92 107 117 133 144 153 165 181 196 207 220 242 261 264 275 283 295 307 314 322 329 337 351 346 352 358 355 364 363 359 368 365 365 373 367 368 368 367 363 367 361 365 365 365 364 369 369 366 364 362 363 364 364 366 370 367 368 366 360 368 368 
362 362 367 363 368 364 360 361 362 366 360 363 367 363 362 367 364 361 355 352 357 360 351 348 341 341 324 313 297 287 272 257 240 229 215 205 192 176 159 146 130 113 104 84 69 60 54 43 38 32 26 20 16 20 11 8 13 10 8 6 6 3 3 2 7 9 8 3 5 7 11 8 9 7 12 13 13 9 8 10 6 11 16 16 12 6 10 12 8 10 7 7 6 11 16 11 11 8 14 14 11 10 8 12 11 11 11 13 10 10 14 12 7 6 9 17 15 12 14 10 13 15 14 10 10 6 11 8 
9 8 10 12 13 10 7 11 13 15 14 14 19 4 16 7 14 11 10 15 15 17 19 21 21 25 31 25 24 30 28 33 31 31 31 33 40 37 34 40 42 39 42 38 43 45 40 42 41 46 45 47 47 49 49 54 54 56 53 60 61 56 54 55 52 61 56 56 60 62 66 59 54 54 52 50 48 50 50 49 53 49 49 52 52 52 52 53 54 56 55 55 52 51 56 50 44 52 52 54 48 54 54 51 58 55 55 55 55 57 58 60 
61 61 59 59 57 56 55 57 53 56 53 60 60 60 59 55 55 60 56 57 55 57 58 58 66 63 63 67 65 66 68 68 69 68 65 73 72 74 79 83 76 73 73 73 76 76 76 72 67 66 65 63 60 60 62 61 62 55 57 55 51 51 48 48 46 51 46 47 47 44 38 37 42 39 41 40 37 40 44 38 34 41 39 40 35 37 39 44 37 39 39 38 40 44 42 36 42 41 43 35 38 45 40 41 38 35 37 41 32 34 33 37 
38 36 42 38 40 40 40 37 41 38 34 36 36 40 40 41 37 41 41 40 45 42 44 52 57 66 74 79 88 97 112 132 148 154 169 180 196 204 220 225 237 245 261 269 278 287 299 306 317 321 333 342 353 350 355 357 359 360 356 356 358 358 358 360 364 358 360 360 351 355 361 361 359 355 350 354 358 357 351 352 349 
356 354 352 354 354 353 355 354 354 350 355 356 357 361 355 347 340 341 328 319 309 290 281 259 242 230 214 202 188 165 150 137 126 114 101 89 75 57 48 37 31 19 18 18 10 15 12 12 15 8 7 7 15 13 15 8 10 9 14 11 13 19 21 19 25 26 22 15 19 20 25 20 23 25 22 24 22 24 22 23 23 20 26 29 28 19 21 
26 23 29 26 27 24 24 24 25 26 24 25 25 26 23 25 30 33 26 34 25 28 19 21 17 13 17 14 10 6 6 4 -1 -3 2 3 1 -4 2 2 0 -3 0 -5 0 -6 -1 1 0 2 -3 0 0 3 -3 -9 -3 2 0 4 0 2 8 6 6 0 0 7 3 3 8 12 12 9 8 10 6 8 10 11 15 14 14 17 15 16 10 20 19 17 20 15 17 
19 16 18 28 22 20 14 16 13 7 15 17 13 7 8 10 13 15 14 14 17 11 5 5 10 7 9 11 13 8 12 8 11 8 10 12 6 11 5 13 18 15 15 17 14 21 25 28 37 34 39 43 39 39 51 46 54 58 55 57 56 56 54 59 56 58 46 52 53 49 52 43 43 51 55 55 60 58 52 53 55 50 57 51 
50 51 50 54 51 54 54 55 55 52 53 50 50 52 51 49 57 59 52 52 54 49 47 49 54 50 50 50 52 51 49 41 43 43 45 48 49 56 58 60 56 62 75 83 82 86 87 99 104 103 105 117 121 124 131 134 135 138 149 156 158 159 169 174 171 178 178 182 184 190 198 196 197 201 200 199 203 206 206 210 210 213 214 208 218 218 213 208 211 214 218 213 215 215 215 225 225 220 220 221 220 217 216 216 224 216 220 210 214 216 215 212 213 218 218 215 216 220 215 
216 218 222 224 223 218 227 222 224 221 210 216 219 216 221 217 217 219 221 215 211 217 213 210 204 213 196 201 194 189 180 182 180 173 174 162 158 158 152 151 148 139 136 124 120 114 105 105 101 94 93 90 84 78 76 73 66 61 61 58 53 53 47 43 47 44 44 43 37 38 33 35 35 32 31 28 29 26 28 24 27 21 23 24 23 27 24 28 25 21 15 22 24 26 26 23 25 23 23 25 22 30 27 24 22 
-5 -7 -7 -5 -7 -7 -7 -6 -5 -8 -9 -7 -3 0 0 -2 0 1 3 4 -2 -1 4 6 11 12 4 6 12 8 8 13 7 9 7 12 9 9 6 2 6 6 3 5 -3 5 2 0 3 0 1 0 0 2 2 -2 -2 -8 -8 -9 -9 -11 0 0 2 0 -5 -7 -5 -7 -4 -1 -7 -6 -2 -3 -12 -14 -12 -17 -15 -17 -15 -15 -11 -14 -16 -19 -19 -18 -18 -16 -16 -17 -19 -16 -15 -15 -17 -11 -3 -9 -10 -9 1 -10 -9 
-8 2 -3 -10 -4 10 11 8 13 11 16 10 5 7 15 13 14 13 15 15 17 17 20 19 21 19 20 20 20 20 21 19 19 25 23 19 19 19 24 17 19 16 21 20 22 16 24 21 18 19 23 20 22 24 18 21 34 28 31 31 35 33 27 27 25 26 28 30 31 36 36 31 31 36 31 31 29 25 37 35 35 33 34 35 29 35 29 32 31 29 31 31 31 33 35 
34 28 23 26 33 32 33 38 45 50 61 70 81 94 105 112 130 141 152 162 172 198 217 223 240 250 258 268 279 291 304 313 318 332 337 339 344 355 357 360 365 369 363 374 371 373 376 369 371 374 375 368 370 373 370 373 373 370 364 368 371 368 374 367 365 363 371 371 371 371 372 
368 367 367 367 374 371 366 368 366 367 364 362 359 352 342 336 336 330 321 308 305 287 285 270 259 241 234 223 213 198 189 172 149 139 128 110 90 75 59 44 32 23 7 3 -8 -16 -21 -20 -26 -24 -16 -24 -23 -23 -19 -18 -14 -14 -11 -12 -9 -14 -8 -8 -15 -19 -16 -10 -12 -12 -11 -11 -14 -14 -9 -11 -11 -14 -16 -16 -15 -10 -15 -9 -16 
-10 -15 -19 -11 -13 -15 -12 -11 -19 -17 -15 -9 -9 -13 -7 -11 -11 -19 -9 -10 -8 -2 -6 -6 -3 -3 0 -4 -9 -11 -8 -13 -13 -7 -18 -15 -8 -4 0 1 15 16 21 37 45 53 50 60 58 55 55 61 52 49 51 56 54 65 62 56 57 59 57 62 61 68 67 63 61 70 66 62 60 60 58 58 59 61 63 57 55 56 54 60 60 57 54 54 56 53 58 58 58 55 57 56 56 53 50 60 52 60 56 56 54 54 51 57 54 54 54 57 56 58 57 47 55 55 
55 59 54 55 55 58 60 64 56 61 55 58 64 64 55 57 57 51 53 53 42 39 40 31 22 19 16 8 -1 -6 -11 -9 -15 -16 -24 -24 -27 -30 -28 -25 -27 -21 -22 -22 -22 -26 -27 -25 -26 -19 -20 -22 -15 -16 -10 -1 -3 6 10 15 20 30 38 37 34 35 38 41 48 45 46 41 44 46 45 43 39 44 29 37 37 37 30 28 30 30 
31 25 29 28 27 26 27 31 33 33 32 32 33 33 30 36 36 33 40 40 40 43 38 40 42 44 46 47 55 57 57 58 60 65 74 75 83 88 90 92 88 102 98 101 106 108 115 124 126 137 139 142 141 144 151 153 149 161 161 168 171 168 171 173 179 184 181 185 187 184 193 195 194 201 204 209 211 216 225 225 225 235 239 241 241 237 245 245 243 248 252 257 259 252 252 264 264 258 266 266 268 265 265 264 261 261 266 266 260 265 265 265 261 258 258 
264 265 260 262 255 251 248 245 242 239 235 232 222 225 222 217 208 207 209 200 199 196 193 194 191 186 186 180 183 176 177 174 171 167 161 160 157 157 149 144 137 137 129 121 121 115 115 112 109 102 104 96 97 92 85 79 80 73 67 66 60 57 57 55 57 47 42 42 45 39 41 38 32 35 36 31 34 31 31 28 34 32 29 
19 26 27 29 26 26 23 17 24 25 32 32 34 31 42 39 43 43 42 41 45 39 33 37 31 31 36 31 30 28 30 27 21 18 20 16 13 14 6 7 2 4 2 7 -1 -5 -7 -6 -10 -15 -20 -18 -23 -32 -23 -26 -30 -34 -36 -37 -48 -45 -42 -45 -50 -53 -52 -48 -53 -49 -54 -47 -51 -45 -51 -51 -47 -52 -52 -54 -57 -47 -50 -49 -51 -51 -51 -55 -55 -51 -55 -43 -43 
-46 -51 -50 -50 -48 -49 -47 -49 -57 -48 -49 -48 -55 -46 -48 -50 -51 -56 -47 -47 -50 -48 -46 -48 -45 -48 -42 -44 -40 -41 -38 -38 -35 -32 -26 -20 -25 -25 -23 -11 -11 -15 -12 -11 -10 -6 -6 -11 -5 -1 1 3 -2 0 4 6 2 10 12 14 14 5 12 13 13 10 9 6 8 10 10 10 10 8 1 8 13 7 8 5 2 1 9 5 2 1 8 2 0 2 2 0 5 5 9 6 3 7 1 6 5 5 5 2 7 9 6 10 10 7 9 11 6 11 9 4 6 3 0 2 0 4 5 7 4 4 8 4 8 
9 3 3 7 1 1 10 0 1 1 6 -1 10 7 8 16 19 27 36 45 59 69 86 110 128 150 158 180 196 207 234 253 267 279 291 299 316 321 335 340 347 355 357 364 364 365 370 368 369 369 372 377 376 370 370 368 373 377 371 365 367 374 367 365 367 367 369 370 359 369 365 369 369 367 367 372 367 367 371 370 363 363 369 369 368 370 369 
369 366 363 368 370 358 359 356 355 358 355 353 345 336 327 304 292 279 274 257 242 228 205 184 172 151 124 101 84 64 49 29 21 -1 -6 -8 -14 -14 -20 -18 -17 -14 -10 -12 -10 -7 -12 -12 -14 -5 -7 -4 -4 -9 -3 -5 0 2 2 0 -5 -8 -3 -5 -5 -2 -2 -1 -3 -1 1 -1 -3 0 0 3 5 2 0 -3 0 0 3 1 1 -1 -1 4 0 1 0 0 2 12 8 6 4 
56 50 52 52 52 52 54 44 46 51 48 53 50 52 51 51 49 50 50 47 55 49 46 48 48 54 56 53 47 51 50 50 45 49 46 45 51 47 53 52 53 44 37 37 40 44 46 43 48 53 56 56 59 59 62 62 55 56 58 55 51 48 51 48 47 47 47 41 39 40 42 44 44 48 34 36 30 38 32 36 38 32 32 40 36 34 36 33 33 27 30 33 27 21 21 23 25 27 15 20 27 23 27 24 25 22 22 27 23 18 23 23 28 33 27 24 26 34 28 31 25 28 34 
35 32 30 34 36 35 37 35 40 40 39 48 48 43 45 48 53 53 55 60 56 62 63 60 59 64 70 71 77 76 81 89 85 81 82 82 82 80 80 76 73 75 78 75 70 67 68 62 63 62 56 49 49 42 43 40 42 37 34 36 38 31 30 36 29 26 29 34 25 34 38 32 34 37 34 31 29 31 31 29 32 36 30 32 37 39 
32 29 32 38 46 48 57 67 81 94 102 114 128 145 168 186 201 220 241 250 263 276 282 299 304 323 325 339 345 347 358 363 367 366 377 371 370 364 370 370 369 373 373 372 370 372 373 370 367 369 372 372 372 372 368 373 370 374 368 371 367 369 375 370 370 368 368 370 366 366 368 376 368 372 
371 362 366 366 371 369 370 367 374 371 368 369 368 367 364 367 359 346 341 332 312 293 275 252 236 213 196 170 150 124 110 104 91 82 67 54 38 28 23 20 11 11 3 -4 -7 -8 -4 -8 -11 -14 -13 -12 -6 -10 -1 -5 -6 1 1 0 -2 2 7 7 8 14 11 5 5 7 7 9 10 12 13 5 7 9 9 14 11 11 11 13 10 11 16 13 15 12 12 17 14 14 13 11 5 12 12 
13 11 5 8 15 15 20 13 14 14 13 13 14 11 10 13 11 9 11 11 10 9 1 5 3 0 -2 -4 -4 -8 -14 -13 -16 -17 -19 -19 -19 -24 -22 -27 -27 -27 -28 -24 -21 -25 -19 -25 -26 -28 -21 -18 -22 -18 -17 -18 -6 -5 -4 -4 -1 4 4 1 6 4 4 3 5 1 8 6 14 12 14 10 11 14 18 18 16 18 16 13 14 19 19 15 20 17 12 14 15 10 18 18 20 20 24 
19 19 19 17 23 18 10 16 21 18 20 16 22 19 18 17 15 21 15 17 12 6 3 7 -1 -3 -1 -3 -6 -6 -8 -3 -11 -8 -10 -4 -12 -13 -11 -11 -14 -11 -13 -15 -8 -7 -6 -3 -1 7 8 18 17 18 26 26 33 35 35 37 36 33 36 38 38 39 39 35 40 42 39 39 41 43 43 43 37 38 43 
44 39 39 41 40 39 43 42 39 35 43 39 40 40 42 42 42 42 44 45 47 47 43 44 44 39 43 44 46 42 46 46 44 46 42 43 47 45 46 46 44 46 47 49 49 58 60 58 62 63 64 70 79 79 86 89 94 96 108 112 117 123 128 134 140 142 156 158 165 167 171 187 194 198 196 203 206 207 212 211 215 212 210 216 216 217 212 222 222 220 219 217 217 219 213 218 221 215 214 216 214 214 217 216 219 214 213 207 218 218 220 220 221 223 220 214 216 217 217 215 221 219 222 
218 220 224 226 216 219 221 223 223 229 217 217 221 221 213 220 220 214 220 217 219 220 220 216 215 220 216 213 213 220 211 212 208 202 197 192 188 176 176 174 173 170 154 152 146 139 134 127 118 118 110 105 91 88 79 75 70 58 60 58 55 47 44 42 40 37 31 31 28 29 28 26 26 31 27 26 26 28 30 27 31 26 27 24 23 27 
47 50 49 48 48 49 48 51 51 52 53 50 49 49 51 45 44 31 31 26 19 22 10 2 1 -5 -9 -11 -12 -10 -18 -16 -16 -22 -16 -16 -13 -15 -6 -14 -14 -14 -13 -5 -5 0 1 3 14 17 11 14 18 17 20 20 24 26 31 27 35 28 29 29 26 31 30 28 24 24 20 20 21 18 10 17 14 13 14 14 13 
7 9 11 12 12 9 9 11 8 8 13 4 -1 -6 -1 -6 -7 -23 -23 -24 -27 -24 -30 -32 -24 -32 -27 -32 -30 -29 -26 -28 -21 -14 -12 -15 -8 -13 -8 0 -1 4 8 13 12 17 24 24 24 27 32 25 34 32 40 41 41 40 39 44 32 42 44 41 45 45 52 56 51 49 46 52 51 49 48 47 50 51 48 48 49 48 53 48 51 49 51 48 
52 46 49 55 50 50 51 52 52 51 55 56 56 52 55 61 61 60 62 59 69 70 74 68 73 76 76 76 73 80 82 83 80 91 94 96 96 102 96 97 105 106 114 122 128 127 132 137 141 148 151 150 159 162 166 171 174 183 184 192 190 187 195 203 203 208 212 214 214 222 222 226 229 231 237 232 237 241 239 240 243 240 241 240 242 240 238 238 241 243 249 251 264 272 263 260 262 262 267 262 259 255 257 261 260 251 251 247 248 251 251 252 242 243 242 237 239 241 240 242 238 234 241 239 229 235 237 236 237 241 237 234 235 240 241 
248 248 243 246 240 250 246 244 244 238 243 241 243 237 234 231 234 222 222 212 212 203 201 199 185 177 165 157 148 142 136 132 124 114 111 100 100 87 89 86 78 76 70 66 63 63 61 52 51 47 49 51 48 49 53 48 48 36 44 38 38 41 39 38 39 42 41 36 39 43 41 35 35 37 41 34 36 38 43 37 42 35 34 37 42 36 32 33 37 40 43 43 37 39 
238 243 239 240 240 243 248 241 243 247 246 246 251 248 243 245 242 243 240 242 244 238 240 242 250 253 255 253 253 256 259 261 265 265 264 264 265 266 266 268 269 267 267 259 262 258 257 260 259 258 258 250 251 241 246 246 231 240 235 232 225 225 225 228 223 221 219 223 228 222 219 218 220 216 215 216 217 218 218 212 212 208 211 208 205 209 201 205 199 196 190 182 183 183 181 178 178 173 173 175 172 169 165 166 171 166 168 162 162 161 161 171 168 166 167 172 174 172 169 172 
177 168 177 172 174 170 174 178 171 174 173 175 172 174 174 178 182 185 182 191 189 191 192 192 197 205 207 211 213 217 214 219 225 230 232 233 234 240 237 247 245 246 246 247 249 254 248 247 255 248 250 260 253 251 257 261 259 257 257 248 253 253 248 248 249 243 244 246 241 242 241 245 245 242 244 244 246 251 247 245 247 248 256 253 255 251 245 250 252 249 247 250 255 252 257 255 254 251 250 252 249 247 251 251 252 253 245 
59 58 62 62 59 60 62 62 62 56 56 59 64 63 60 53 53 55 65 63 55 57 61 56 58 62 62 63 58 52 58 52 46 55 52 50 50 51 55 58 60 62 71 61 65 65 66 63 70 69 77 77 82 87 83 86 83 83 85 93 93 95 90 90 86 88 92 89 77 78 80 77 74 68 70 69 60 60 55 52 54 52 55 54 51 46 41 37 39 37 39 39 34 34 35 35 35 33 38 32 31 31 33 35 37 31 39 38 38 33 35 38 32 37 
36 33 42 35 34 38 38 40 33 40 37 39 39 37 40 37 35 39 34 37 46 47 55 61 61 66 72 73 75 74 77 87 86 83 91 93 96 90 86 87 92 93 84 84 83 88 82 79 84 79 73 73 76 72 72 71 66 71 68 70 62 60 63 61 60 60 57 63 67 65 65 65 62 66 60 67 72 67 68 62 66 66 71 64 66 76 67 65 67 73 70 61 66 67 72 64 66 71 71 
73 69 63 60 64 65 62 64 64 64 64 60 56 61 65 70 87 106 114 134 149 175 190 206 234 257 276 290 304 315 331 336 344 353 363 369 371 371 371 372 373 370 373 375 372 377 374 374 371 373 371 373 375 374 376 370 372 375 375 375 377 378 373 376 380 375 375 373 374 377 380 369 374 376 375 376 
371 369 372 370 374 373 373 372 377 370 372 376 369 374 370 369 369 369 362 350 336 313 281 249 211 177 140 111 86 64 53 37 33 26 23 14 5 8 2 -2 -2 -3 -6 -8 -3 -5 -4 -3 0 -2 -7 -4 -1 -3 0 -1 -1 0 3 3 1 0 0 0 4 1 3 7 8 9 6 2 8 9 4 4 7 7 8 3 7 1 
5 7 5 5 9 10 10 8 9 11 3 5 5 7 0 6 10 9 14 8 8 3 5 0 5 1 -11 -8 -11 -22 -29 -33 -33 -36 -40 -41 -43 -43 -48 -56 -56 -57 -59 -51 -56 -48 -55 -57 -56 -55 -54 -51 -51 -46 -46 -43 -35 -39 -33 -34 -29 -28 -27 -24 -22 -21 -21 -21 -18 -15 -17 -14 -14 -14 -12 -7 -15 -10 -14 -15 -14 -11 -14 -16 -13 -15 -13 -17 -19 -16 -15 -17 -16 -16 
-10 -18 -20 -17 -16 -23 -23 -22 -12 -17 -17 -20 -27 -20 -17 -23 -13 -21 -18 -8 -16 -21 -21 -16 -24 -27 -28 -25 -29 -24 -32 -34 -31 -39 -36 -32 -32 -31 -24 -23 -15 -17 -12 -4 -11 -9 0 -1 -1 2 6 9 13 18 21 26 30 36 41 55 57 60 76 87 106 119 133 144 144 146 148 149 152 146 151 153 154 151 150 155 158 156 158 148 150 152 151 153 144 144 141 148 147 148 
149 153 146 148 146 153 145 147 150 147 147 150 145 145 144 137 138 139 139 137 129 119 116 115 103 115 118 126 127 125 128 130 133 141 144 145 155 152 151 148 158 161 158 158 166 166 165 170 163 171 168 169 169 177 174 180 185 187 188 209 213 229 242 251 256 271 280 285 280 280 282 284 278 283 285 276 276 284 289 283 274 271 266 267 265 269 264 262 270 270 272 271 271 265 267 270 269 271 279 278 279 276 282 287 287 290 281 286 284 281 281 283 294 294 
289 290 292 289 289 288 285 285 281 286 286 281 283 283 282 283 280 286 282 285 289 294 292 287 287 281 280 287 287 293 290 296 295 313 315 319 320 318 309 291 274 259 238 229 226 215 210 210 206 208 209 200 195 194 191 180 174 172 163 156 151 142 133 133 118 108 111 105 96 93 81 75 72 72 70 69 71 69 67 67 64 66 70 70 73 75 78 74 71 73 77 77 77 76 77 78 85 86 83 85 93 91 98 98 100 97 93 97 101 92 94 95 97 94 95 97 94 90 95 91 92 96 90 
21 21 24 26 25 22 27 23 22 22 27 23 20 18 23 25 25 22 27 25 25 27 27 28 36 36 40 38 44 38 42 43 43 43 50 52 52 57 57 58 60 57 59 59 66 68 62 62 62 60 65 59 67 69 67 66 67 67 75 74 68 66 70 69 71 69 69 70 67 70 72 72 73 73 73 77 70 70 72 66 68 64 67 71 72 71 70 67 67 64 69 65 65 67 70 75 69 71 71 70 70 72 71 75 80 79 
77 77 77 74 78 81 85 83 76 84 78 82 85 85 83 86 87 83 88 93 99 104 102 100 105 100 101 105 103 100 94 97 91 88 93 95 94 94 90 84 86 89 83 79 83 81 82 73 79 75 74 70 72 67 70 63 57 59 56 53 61 53 52 53 50 44 46 47 46 37 42 35 35 36 36 35 40 34 34 39 31 34 39 38 35 39 35 32 38 40 36 
33 38 41 35 37 37 36 38 40 36 34 36 43 48 56 64 69 83 91 105 119 138 152 174 185 193 209 222 242 264 277 283 296 304 316 320 332 340 337 345 343 345 353 357 354 364 364 364 360 356 356 356 354 356 354 353 353 357 354 356 349 352 357 357 361 358 357 358 
355 349 347 353 346 353 344 348 348 348 341 335 320 322 312 309 290 277 264 252 238 218 205 196 188 176 159 147 142 123 110 102 90 77 64 55 44 39 31 27 31 32 33 33 31 29 27 29 36 37 39 37 30 31 37 34 37 36 32 30 37 37 36 34 42 42 39 44 44 43 41 44 41 40 42 42 47 51 45 44 41 43 43 
46 46 50 50 45 51 51 47 44 52 45 45 48 46 46 39 34 34 30 27 23 14 11 5 0 0 -8 -5 -10 -14 -13 -17 -26 -28 -27 -22 -31 -31 -33 -39 -40 -42 -42 -45 -36 -42 -43 -38 -32 -37 -29 -27 -25 -23 -14 -18 -9 -14 -7 -5 -7 -7 -7 1 1 3 3 4 6 4 5 3 7 4 11 14 8 0 2 5 7 11 2 7 7 9 11 5 
6 6 6 -2 1 -1 -4 -1 -3 -5 -5 0 -1 -15 -11 -16 -20 -11 -15 -19 -27 -29 -34 -40 -31 -35 -34 -29 -37 -34 -25 -25 -24 -22 -19 -19 -21 -22 -18 -13 -5 -6 -3 4 4 6 11 13 21 23 17 12 9 24 24 27 35 36 39 46 46 48 56 54 56 56 58 55 46 52 52 45 45 42 45 44 49 48 46 51 43 52 45 46 49 49 53 50 47 49 54 50 50 50 47 55 53 51 48 50 53 53 50 52 56 53 51 55 
58 58 59 57 57 62 66 64 66 63 65 68 67 72 68 71 74 79 79 84 85 92 94 94 94 101 98 109 108 108 110 121 124 126 126 128 129 135 139 150 156 158 158 166 168 175 176 184 184 196 205 208 213 216 226 235 242 253 264 270 277 272 275 270 270 267 270 266 268 270 268 272 271 273 268 266 263 260 262 266 262 267 268 270 270 271 274 270 277 274 280 276 279 274 283 275 280 288 285 282 275 283 283 280 285 289 286 285 283 284 285 286 277 282 281 277 279 282 282 279 277 277 280 281 280 282 282 281 286 288 
286 290 285 288 288 280 284 292 280 285 290 290 288 285 289 285 293 288 292 288 285 284 283 281 278 271 278 272 263 259 250 244 235 224 221 212 206 195 191 187 174 175 166 166 160 159 151 139 141 133 130 123 114 108 106 103 96 90 88 79 76 70 65 59 61 56 59 56 49 44 48 45 44 41 46 45 36 34 40 36 33 35 35 35 31 34 38 29 34 36 38 40 40 37 
32 30 31 39 34 31 33 33 36 30 38 38 34 32 26 30 23 22 17 19 25 30 35 35 43 41 49 48 45 42 47 50 62 62 66 66 70 77 74 86 81 85 85 90 88 90 89 89 91 84 86 77 77 72 72 76 76 71 70 73 67 64 64 64 66 66 61 56 51 43 40 34 37 33 32 32 20 13 10 8 2 6 3 0 -2 -4 -4 -2 -3 -5 0 0 -3 0 0 2 
0 0 -5 0 7 4 7 4 -1 0 -5 -2 2 9 7 7 9 13 14 16 16 26 30 36 36 34 40 49 52 55 63 74 76 76 77 81 83 77 79 82 86 84 78 81 86 82 84 79 73 74 64 68 59 56 48 50 44 46 40 34 33 35 32 29 30 25 30 26 25 21 21 23 20 23 23 20 27 29 26 27 23 28 25 23 29 24 25 24 20 22 27 21 25 20 26 25 20 21 14 22 19 16 16 15 22 
15 19 21 22 21 25 32 37 45 60 61 74 86 102 113 129 148 164 175 181 200 212 223 242 254 262 273 285 293 294 305 311 325 325 333 332 336 342 347 355 357 349 353 358 359 360 359 364 365 362 364 364 366 366 368 362 358 360 365 362 365 356 359 361 363 360 358 357 359 355 353 355 355 
355 350 350 351 348 346 354 354 348 351 355 352 352 355 347 347 347 341 340 338 329 322 316 309 294 296 284 272 265 243 230 215 203 192 186 168 153 133 125 114 102 86 74 62 51 45 36 29 20 11 17 14 13 12 7 1 -3 0 -5 -3 -5 -8 -11 -6 -6 -5 -4 -4 -5 1 -5 -2 -4 -1 0 0 5 2 1 4 -1 3 3 8 10 3 5 6 10 11 7 4 8 5 7 7 10 11 14 16 6 10 9 
8 9 15 14 9 13 8 7 8 11 13 13 13 10 11 13 12 11 11 14 8 11 2 7 6 5 1 1 3 0 -6 -11 -9 -16 -21 -25 -33 -37 -28 -31 -39 -36 -43 -45 -45 -40 -40 -40 -38 -43 -41 -38 -33 -31 -28 -22 -26 -28 -20 -14 -11 -11 -8 -4 0 5 10 17 19 20 22 27 25 27 26 24 26 23 24 32 30 18 29 26 29 37 35 32 38 30 33 32 34 32 28 27 28 22 30 32 29 33 30 29 31 31 27 36 29 29 31 27 34 30 24 28 
38 31 28 25 26 29 28 34 33 37 30 26 21 26 23 20 17 14 15 9 6 0 -5 -5 -15 -19 -21 -23 -24 -27 -24 -27 -24 -26 -34 -28 -29 -26 -26 -26 -22 -21 -19 -16 -19 -12 -10 -4 -1 -1 -6 0 -1 -3 -8 -5 -9 -5 -1 0 8 6 11 19 19 17 20 22 18 12 12 12 13 14 16 18 21 23 22 26 26 22 
21 23 26 27 28 31 31 33 32 33 31 33 35 40 37 36 30 33 38 36 40 43 46 44 46 47 52 43 47 48 52 53 64 64 61 71 73 79 84 86 97 102 108 110 116 123 125 131 136 143 149 157 157 169 173 184 182 187 193 198 195 197 205 218 215 223 230 241 246 251 255 263 262 266 267 269 267 270 264 261 265 265 265 262 264 270 269 271 269 262 276 278 275 275 277 279 280 277 278 272 277 276 272 276 279 280 282 276 277 276 273 270 272 274 274 277 272 271 276 281 283 272 273 278 276 
271 279 279 276 278 275 277 271 280 280 282 276 281 277 280 277 276 273 272 273 273 270 270 277 275 271 263 263 259 249 242 227 211 199 187 178 174 174 172 159 154 154 145 142 141 132 134 129 125 122 116 112 107 107 104 95 92 86 82 82 76 65 73 67 61 58 52 50 52 53 57 49 49 50 47 45 42 41 41 41 45 38 35 36 38 35 37 36 30 38 32 38 28 33 34 36 
-9 -6 -6 -6 -7 -7 -4 -1 -3 -9 -6 -3 -3 -11 -10 -5 0 -6 -6 -5 3 -2 -2 -2 0 2 4 12 14 8 15 14 14 17 21 21 25 22 31 34 33 34 39 43 54 63 71 69 74 79 81 88 92 100 111 106 114 120 131 133 135 141 143 155 161 166 166 174 181 181 186 191 200 206 207 216 212 222 223 229 237 243 252 253 258 261 261 262 263 270 270 275 277 274 276 274 271 276 278 272 271 276 273 277 276 273 275 273 279 280 277 274 278 275 273 278 277 
277 274 276 275 272 272 270 270 264 266 264 252 254 251 245 243 235 232 230 227 224 214 209 206 200 202 196 190 184 175 166 158 154 148 148 136 135 122 116 115 108 101 98 92 84 76 77 67 61 50 48 41 38 37 28 30 24 24 21 17 18 16 5 5 4 6 11 8 7 2 1 0 0 0 -2 -1 -6 -1 -1 -1 -1 -4 -1 0 2 5 0 0 -2 -1 -1 0 0 -2 0 
-2 2 2 -1 -2 3 2 -1 -4 1 1 0 -4 1 6 3 3 2 7 7 9 3 4 10 13 16 19 24 24 26 34 39 39 36 42 49 49 61 65 69 72 77 79 88 92 97 101 106 113 122 126 132 131 147 159 159 159 166 168 173 175 172 180 182 184 194 198 203 211 212 218 221 226 228 244 247 250 251 259 256 261 267 261 268 271 265 269 269 270 274 271 270 273 276 273 268 269 265 273 269 269 275 
272 274 274 274 269 275 277 271 272 272 261 262 269 268 262 263 264 258 256 258 248 245 248 245 233 230 227 215 212 204 195 192 187 182 179 174 167 168 162 150 148 144 132 129 126 120 117 118 109 101 92 89 82 77 74 68 65 59 56 53 52 56 53 53 44 43 33 27 34 30 22 22 19 22 21 22 7 6 10 4 -3 2 -4 0 -2 1 3 0 -1 1 3 0 -1 -4 -7 -1 -6 -6 -3 -5 0 -2 0 -6 -7 -8 -4 -8 -2 -7 -4 -5 
-1 -2 -5 -7 -7 -4 -7 -6 0 -3 -7 -4 -12 -8 -2 -2 -1 -1 -3 -5 0 2 2 4 5 7 9 13 18 20 20 27 29 28 36 36 33 42 50 53 52 63 73 77 76 82 87 97 105 106 115 129 131 135 144 144 152 164 175 182 183 188 201 201 205 205 207 215 229 229 241 242 242 251 254 265 273 271 274 277 278 279 280 277 279 281 278 279 281 278 283 282 280 279 284 284 283 283 276 279 284 290 278 278 281 
278 285 282 279 283 285 276 275 278 277 275 279 273 273 273 273 272 263 261 259 262 256 248 250 241 232 227 226 220 212 212 206 197 191 185 174 174 175 173 164 158 154 150 155 147 141 132 135 126 123 121 114 110 111 105 102 99 98 91 84 86 88 89 80 76 73 67 62 62 67 62 53 53 50 51 50 48 45 42 44 43 42 38 39 44 38 32 32 27 27 30 26 23 22 18 23 18 22 13 15 15 11 15 18 12 12 6 14 16 16 13 7 10 15 14 12 14 16 15 17 17 18 14 13 13 15 19 17 16 15 14 11 10 15 12 13 15 17 17 19 15 
9 12 18 12 12 12 15 18 13 14 8 8 15 13 10 13 15 12 12 12 13 10 21 18 18 26 26 25 29 34 33 34 40 40 46 55 58 58 63 67 72 74 81 93 94 100 107 112 119 135 137 142 156 156 161 159 163 165 173 180 179 180 189 189 185 192 191 199 202 212 213 224 229 237 242 240 240 255 263 263 266 266 275 276 278 283 285 283 284 284 281 279 282 282 282 287 283 288 284 279 284 284 287 278 288 290 288 284 285 
285 290 285 287 283 282 282 287 281 276 281 283 284 284 279 280 281 279 276 273 270 262 266 254 257 254 247 249 237 235 232 225 219 213 213 210 202 197 188 185 180 182 174 165 159 150 159 151 145 141 137 126 120 120 113 109 103 95 97 88 76 70 70 69 61 55 57 50 44 46 43 41 40 36 33 31 31 30 30 27 23 22 23 23 18 20 24 21 21 21 21 17 17 15 15 14 9 20 17 18 20 16 21 18 11 16 
-5 -7 -3 -2 -8 -9 0 -8 -8 -8 -4 -1 -1 -2 -7 -7 0 -2 2 -3 -8 -5 -6 -6 -9 -11 -19 -10 -19 -19 -22 -16 -18 -17 -13 -16 -15 -11 -9 1 3 3 8 10 10 6 -1 -3 -5 -14 -14 -14 -16 -16 -12 -12 -20 -24 -17 -17 -17 -14 -16 -7 -17 -11 -9 -11 -18 -12 -10 -15 -17 -14 -4 -9 -5 -6 -6 0 -1 -4 -1 -10 -7 -1 0 -2 -8 -9 -3 -7 -4 
-4 -11 -4 -1 -3 -8 -5 -1 -3 -8 0 -5 -6 0 -8 -5 -7 -4 0 0 -2 -2 -3 -3 2 -1 1 -2 -9 -13 -12 -15 -14 -13 -17 -19 -16 -3 3 5 17 28 27 21 23 20 18 15 20 19 13 17 16 16 17 10 5 7 7 0 -1 -3 -2 -4 -7 -6 -5 -16 -16 -12 -14 -14 
-14 -8 -15 -15 -17 -15 -17 -14 -14 -14 -11 -8 -7 -9 -6 -9 -16 -13 -12 -12 -22 -28 -36 -31 -40 -42 -42 -40 -41 -38 -38 -39 -33 -30 -26 -26 -24 -26 -23 -20 -19 -22 -22 -24 -25 -19 -22 -13 -11 -9 -8 -6 1 -1 1 0 -2 9 6 6 6 11 4 7 8 7 2 7 16 11 
12 18 15 19 25 23 16 18 19 21 19 19 26 23 20 19 19 15 15 16 16 17 12 8 9 3 -2 -7 -4 -7 -11 -11 -14 -13 -10 -26 -24 -26 -23 -17 -14 -10 -15 -11 -5 -9 -6 -8 -8 -5 0 1 -1 4 3 7 10 2 1 10 0 
-11 -10 -15 -15 -6 -11 -6 -11 -13 -10 -7 -10 -12 -5 -6 -6 -3 -10 -5 -1 1 0 2 8 5 7 3 6 3 -1 10 7 3 0 4 9 9 11 13 10 14 16 18 10 10 5 9 6 1 5 5 4 3 3 4 4 -4 -1 0 -2 -6 -6 -6 -10 -10 -7 -16 -18 -18 -16 -18 -18 -17 -23 -21 -23 -22 -27 -34 -36 -41 -33 -41 -44 -41 -38 -45 -41 -41 -40 -41 -39 -42 -36 -36 -33 -35 -37 -41 -38 -35 -32 -35 -32 -35 -34 -35 -34 
-31 -36 -34 -31 -31 -31 -33 -34 -26 -39 -33 -34 -35 -29 -27 -26 -26 -19 -13 -18 -16 -9 -1 -4 0 6 5 5 19 16 21 26 29 31 31 33 33 35 45 51 42 43 44 50 47 42 44 46 46 40 37 29 35 36 27 33 35 35 41 37 34 36 36 38 34 40 35 32 27 23 20 18 19 16 13 11 12 12 9 9 9 1 6 11 13 8 4 14 13 13 8 12 18 14 14 16 19 15 15 19 19 19 18 
20 18 19 14 16 16 18 17 22 17 21 20 28 30 37 42 58 63 74 93 104 123 136 142 167 182 196 205 219 228 241 259 268 279 283 296 301 317 320 335 340 346 356 362 370 369 366 365 373 369 364 366 363 366 369 372 364 358 365 364 371 365 367 361 366 367 365 363 368 370 371 367 369 366 366 368 362 370 370 369 365 358 360 360 359 363 363 366 368 365 365 368 361 362 361 360 360 
370 365 356 365 358 363 359 361 361 361 358 360 352 350 350 338 335 322 322 310 310 293 283 270 254 238 223 208 197 177 168 153 138 116 104 92 73 60 52 39 30 20 11 8 2 -2 -7 -15 -23 -27 -27 -29 -36 -40 -39 -39 -34 -39 -42 -36 -35 -32 -31 -21 -15 -23 -24 -19 -18 -19 -22 -19 -20 -20 -19 -21 -21 -15 -12 -20 -16 -16 -20 -15 -15 -18 -23 -21 -17 -16 -17 -8 -15 -8 -9 -7 -10 -10 -11 -12 -12 -17 -16 -17 -12 -13 -10 -10 -4 -7 -8 -13 -15 -9 -17 -14 
-12 -5 -10 -9 -10 -12 -10 -10 -10 -15 -7 -5 -9 -13 -7 -6 -6 -5 -11 -12 -14 -13 -15 -19 -21 -17 -19 -24 -22 -23 -24 -17 -25 -25 -25 -27 -35 -31 -33 -30 -36 -34 -36 -44 -42 -38 -44 -37 -41 -49 -50 -49 -52 -50 -47 -49 -41 -32 -40 -28 -39 -39 -35 -30 -30 -22 -22 -19 -9 -10 -15 -10 -6 0 -2 1 0 0 11 9 15 16 17 18 9 16 17 19 21 19 19 16 20 24 21 18 20 23 28 22 25 27 25 29 20 25 20 20 25 28 25 22 29 26 26 30 30 23 28 25 23 24 24 25 
23 24 25 30 26 23 17 22 27 19 19 17 10 4 6 4 4 -4 -4 -5 -6 -9 -7 -9 -20 -25 -22 -23 -25 -26 -22 -22 -24 -20 -20 -18 -18 -22 -21 -21 -20 -17 -19 -21 -26 -23 -20 -9 -11 -13 -7 -9 -8 -5 -7 -1 2 6 11 7 9 15 17 24 27 25 32 24 35 29 26 27 25 29 25 22 30 31 30 27 25 27 26 26 26 26 31 27 25 27 19 23 29 21 16 18 22 25 22 23 
20 24 24 19 27 25 22 29 29 26 28 26 29 29 28 31 34 42 42 39 40 40 42 47 46 42 43 42 41 39 44 51 45 49 55 60 61 63 65 71 81 83 91 96 101 99 101 108 114 116 130 130 130 130 134 139 136 145 145 147 150 152 149 156 158 158 166 162 171 178 182 185 193 206 204 213 226 232 229 231 234 239 241 241 241 243 244 243 238 238 244 249 255 250 249 250 249 248 253 251 255 249 256 251 256 254 256 260 259 267 261 263 262 259 261 258 257 262 261 264 261 265 265 265 262 
258 263 266 263 263 266 263 260 255 250 258 260 259 256 256 248 224 201 190 179 166 158 153 153 147 149 148 145 133 127 135 126 122 118 113 118 108 106 106 102 103 94 88 83 73 72 82 81 74 68 64 64 58 60 54 53 54 48 48 48 46 43 44 42 35 26 28 28 23 22 30 25 21 23 22 14 20 20 17 24 23 23 22 24 21 18 20 22 20 19 19 26 26 31 25 30 25 26 20 27 22 29 27 27 24 12 17 21 
63 57 59 60 54 50 51 43 40 41 42 46 39 41 39 40 47 50 58 60 64 68 70 75 75 76 82 87 92 86 91 87 87 89 85 90 85 91 87 79 84 82 80 82 79 73 73 77 73 70 64 59 59 53 55 48 48 38 36 30 25 16 7 1 0 -2 -8 -4 -4 -2 -2 -6 2 2 1 8 4 5 2 3 10 10 10 10 16 
26 31 28 28 36 44 46 51 59 67 74 77 83 88 98 98 99 100 108 111 107 110 107 100 101 96 92 90 89 89 81 82 81 70 68 70 70 65 67 59 62 62 59 57 50 52 52 49 50 50 47 49 44 39 43 43 36 41 40 38 41 43 49 41 40 42 41 42 44 41 40 40 40 39 41 40 37 40 37 
37 41 39 39 40 48 39 44 49 44 48 48 55 73 89 110 131 149 176 204 235 260 288 317 335 352 359 364 371 376 381 385 387 388 390 392 386 383 383 381 387 381 389 377 382 386 386 390 382 376 378 383 385 382 384 386 383 382 377 381 380 377 374 375 369 377 379 370 373 373 373 374 375 
369 366 369 363 365 373 369 362 364 349 354 345 339 328 316 290 275 258 239 213 198 185 165 156 141 131 108 93 76 48 31 21 12 -3 -8 -16 -19 -16 -10 -11 -11 -11 -4 -9 -6 -7 -4 -10 -6 -1 -8 -9 -3 -1 -1 -8 -2 6 1 -5 -2 -6 0 0 4 
0 1 -3 -2 1 -4 -2 0 3 0 0 0 -5 -5 -13 -10 -18 -22 -22 -20 -20 -22 -27 -27 -27 -28 -31 -37 -34 -31 -31 -31 -27 -21 -25 -22 -20 -17 -16 -12 -11 -10 -7 -8 -1 1 -4 6 8 8 12 11 16 21 17 19 23 27 18 21 18 15 23 17 18 22 27 32 22 21 20 20 20 20 16 15 17 19 19 18 16 16 21 21 19 21 14 14 14 22 16 19 18 16 16 13 13 13 12 16 
15 15 15 9 15 18 9 13 18 16 18 20 11 16 18 14 16 12 4 4 -1 -17 -31 -42 -46 -52 -59 -57 -62 -55 -56 -61 -63 -66 -66 -60 -60 -56 -57 -57 -56 -58 -58 -57 -59 -58 -53 -47 -48 -44 -38 -34 -30 -23 -17 -8 -5 2 13 25 29 40 42 53 58 60 68 77 77 80 88 90 104 112 121 126 122 124 119 119 117 114 100 102 105 102 101 104 98 95 97 106 101 101 109 111 105 115 115 118 113 121 118 115 115 112 117 113 
110 115 115 117 114 109 113 106 104 102 104 104 103 97 96 96 93 95 97 91 99 100 101 100 111 111 114 120 128 133 137 145 150 161 161 166 182 179 184 191 194 196 198 204 212 216 216 218 223 225 236 231 234 238 246 248 251 251 259 265 254 268 267 280 277 279 277 285 285 283 287 288 289 294 294 294 298 298 297 294 296 301 295 294 302 294 298 299 299 303 300 305 302 298 298 307 305 306 302 304 300 306 311 307 306 300 296 301 302 297 299 297 300 300 304 302 302 302 296 296 298 298 296 293 300 297 296 290 292 
290 287 287 284 280 271 268 270 268 257 253 244 238 232 227 224 221 217 211 208 206 200 188 180 177 167 159 156 147 137 131 123 116 96 83 81 66 65 55 47 47 43 33 27 31 30 23 18 16 15 7 9 8 0 2 -6 2 0 0 2 5 3 -1 1 -1 -3 -4 -1 -2 2 0 0 2 0 0 -1 -3 0 -2 -2 -2 0 -3 -3 4 
47 37 39 44 44 41 43 42 42 38 32 29 25 26 18 17 17 21 20 21 23 17 25 29 29 29 21 22 26 24 21 28 22 22 21 24 24 30 29 31 38 26 36 30 25 29 26 32 29 29 33 26 23 20 19 21 22 9 14 11 16 18 10 15 16 5 10 10 3 10 7 12 12 6 6 6 5 5 5 11 13 18 18 18 20 21 
24 21 26 24 23 19 21 21 20 21 29 26 25 24 26 26 31 35 38 35 32 43 40 49 45 52 55 50 50 47 49 49 52 52 54 53 52 47 50 47 46 56 45 47 47 52 49 44 44 44 44 39 44 40 40 34 41 38 40 30 38 29 34 31 23 26 22 25 22 21 23 19 25 22 22 23 25 30 32 34 34 33 37 42 33 41 38 43 42 36 41 46 42 42 42 46 39 47 41 44 41 41 41 44 37 39 39 39 39 38 
-5 -7 -5 -8 -8 -5 -6 -1 -4 -5 0 5 11 19 37 53 67 81 100 114 136 149 163 174 189 197 216 225 242 244 260 267 280 291 306 319 325 336 335 343 345 347 349 351 353 361 359 358 358 360 359 358 366 359 360 357 355 353 362 359 353 359 357 362 357 360 
349 356 353 355 357 357 360 354 357 356 353 353 358 354 354 352 349 344 341 340 327 320 310 301 281 265 244 205 180 159 140 131 115 99 82 70 50 37 31 21 11 7 1 -4 -6 -7 -9 -18 -25 -29 -31 -27 -35 -33 -29 -34 -34 -34 -34 -35 -29 -34 -31 -25 -27 -30 -25 -25 -24 -29 -29 -20 -19 -24 -24 -20 -22 -23 -20 -21 -21 -18 -19 -21 -26 -20 -16 -18 -18 -18 -13 -18 -20 -18 -22 -22 
-14 -16 -23 -14 -19 -24 -18 -23 -17 -21 -16 -13 -19 -22 -15 -14 -12 -14 -14 -14 -14 -10 -14 -9 -11 -11 -5 -6 -12 -5 -10 -11 -11 -11 -9 -13 -14 -11 -15 -9 -5 -9 -3 -2 0 5 -2 2 4 4 4 4 15 9 5 10 15 13 12 14 10 10 10 7 10 13 12 10 11 8 13 8 2 -3 -1 -8 -5 -7 -6 -7 0 -4 -6 -2 2 2 0 -4 -1 -5 -3 -8 0 7 1 1 1 -5 2 4 5 3 2 4 0 4 3 3 13 12 6 6 12 11 9 11 8 11 3 5 2 
1 6 3 6 6 6 13 10 10 12 10 10 7 12 19 15 15 18 28 38 35 35 39 41 43 51 42 41 45 43 45 46 45 47 39 37 35 27 23 29 22 23 28 31 36 30 30 30 29 29 28 30 28 23 21 23 31 33 32 38 36 38 37 39 41 35 40 33 36 33 29 29 33 29 28 
-34 -42 -47 -52 -46 -42 -42 -42 -41 -38 -37 -33 -34 -30 -32 -30 -29 -24 -29 -18 -22 -19 -13 -2 1 6 1 -2 0 2 7 10 3 13 9 8 7 15 12 13 15 16 16 18 17 19 18 18 16 18 23 19 16 
26 20 20 17 18 20 16 14 16 16 21 8 10 8 7 0 3 0 -4 -2 -5 -5 -13 -8 -8 -17 -19 -25 -25 -27 -32 -25 -25 -26 -30 -18 -29 -26 -24 -21 -24 -26 -26 -24 -21 -19 -16 -11 -9 -14 -6 -6 -3 -4 0 3 7 12 12 12 19 21 22 24 23 30 30 28 27 30 27 27 35 37 40 44 42 46 45 42 37 33 38 30 35 40 36 36 38 
46 43 45 48 49 46 46 40 43 43 49 51 46 51 46 50 44 47 48 52 56 60 64 64 62 58 60 60 63 66 71 60 62 69 63 61 75 75 90 98 100 110 112 124 127 131 136 150 166 168 173 178 184 191 199 212 218 220 228 229 235 241 242 250 255 260 263 263 268 270 272 269 274 276 272 274 283 279 287 284 285 281 287 289 290 287 289 291 288 291 299 295 292 291 
231 224 215 196 187 185 178 178 163 160 157 154 142 137 134 132 118 116 104 99 92 80 75 69 65 62 60 60 55 51 42 43 43 42 38 32 34 31 31 23 23 16 10 8 12 15 15 6 3 8 6 6 4 4 2 6 3 5 5 0 2 4 6 5 6 4 
-12 -13 -10 -11 -12 -14 -13 -12 -14 -11 -11 -13 -8 -12 -3 -6 -9 0 -2 0 -3 2 2 7 15 12 14 5 11 11 11 4 11 10 15 13 13 7 9 3 0 0 -1 0 1 -1 -3 -5 -11 -10 -15 -14 -19 -18 -19 -27 -35 -33 -37 -37 -46 -51 -53 -53 -57 -58 -63 -63 -66 -65 -68 -66 -69 -61 -65 -64 -58 -61 -61 -61 -63 -58 -65 -65 -67 -61 -58 -53 -57 -59 -59 -58 -59 -60 -60 -54 -54 -55 -55 
-56 -50 -52 -49 -44 -45 -48 -42 -36 -31 -25 -24 -24 -19 -15 -13 -10 -9 -3 -3 -2 0 10 12 13 15 12 18 15 15 15 14 19 21 18 17 15 10 10 13 15 16 15 12 11 10 10 12 15 15 12 5 1 6 8 0 4 1 -1 4 -3 -5 -13 -15 -22 -18 -16 -14 -14 -11 -20 -20 -17 -19 -12 -9 -10 -13 -10 -9 -6 -14 -11 -13 -5 -8 
-8 -10 -12 -16 -18 -11 -15 -14 -16 -15 -10 -15 -16 -10 -5 1 15 28 44 58 72 86 106 124 143 163 178 192 214 231 246 261 272 288 299 317 329 340 348 351 351 362 367 365 365 360 368 365 358 355 357 365 359 361 359 366 360 360 360 360 364 360 360 360 361 361 366 361 361 358 
360 358 358 355 357 354 354 357 355 355 350 348 343 331 316 304 288 265 245 227 207 189 173 141 113 100 91 71 61 47 38 27 15 3 -3 -11 -25 -28 -33 -41 -49 -49 -51 -51 -47 -50 -48 -45 -42 -37 -37 -39 -30 -32 -37 -28 -28 -32 -36 -31 -32 -32 -29 -29 -33 -29 -31 -28 -28 -30 -30 
-29 -33 -34 -28 -31 -29 -31 -32 -34 -29 -29 -30 -39 -39 -36 -36 -41 -45 -48 -48 -47 -55 -55 -62 -59 -64 -69 -73 -78 -74 -77 -67 -71 -74 -74 -74 -68 -64 -67 -69 -66 -63 -58 -55 -59 -57 -51 -51 -47 -49 -33 -33 -33 -30 -26 -25 -18 -15 -14 -11 -10 -10 -4 -3 -3 -9 -3 1 7 0 5 4 5 3 3 8 12 13 4 4 
5 5 -2 6 1 3 -2 4 4 1 6 6 0 -4 4 4 1 -1 -8 -6 -15 -19 -20 -20 -25 -29 -32 -35 -35 -35 -35 -37 -34 -34 -43 -43 -40 -39 -38 -40 -39 -41 -41 -41 -38 -39 -38 -29 -30 -27 -27 -26 -30 -25 -24 -26 -24 -25 -22 -24 -18 -19 -15 -12 -14 -9 -9 -8 -8 -6 -7 -1 -2 1 1 1 0 8 7 7 12 14 16 11 13 10 14 12 11 11 13 14 19 
18 18 22 19 21 15 15 19 14 16 10 17 17 17 13 19 16 18 12 17 12 15 14 7 10 12 7 11 15 20 22 27 27 28 36 43 48 54 54 59 61 67 73 87 84 93 97 104 118 119 132 140 142 150 160 170 177 174 183 193 201 201 213 213 220 225 227 236 237 237 242 250 257 256 255 264 263 265 264 270 270 264 272 277 280 277 280 278 284 282 285 287 291 293 293 297 294 293 295 297 296 299 299 296 299 
298 295 295 294 295 298 297 291 293 294 295 295 291 287 280 277 278 278 275 268 262 262 257 254 253 249 243 237 238 231 231 229 216 209 204 195 190 184 175 167 159 150 144 144 135 123 123 106 104 99 88 80 81 69 65 57 54 53 55 52 40 38 38 32 31 31 31 25 19 16 16 3 11 6 6 5 2 7 3 3 5 2 2 2 0 5 2 4 7 -1 -4 1 
36 32 34 34 31 29 30 38 31 27 29 29 26 25 28 28 31 31 29 30 31 29 32 26 22 27 28 18 20 16 14 19 9 7 10 16 21 21 15 20 10 16 20 11 8 10 6 14 16 13 14 11 11 12 9 12 12 6 3 4 5 7 9 13 5 7 9 10 15 19 16 11 8 2 -13 -21 -18 -15 -20 -14 -22 -21 -24 -23 -25 -24 -21 -26 -26 -23 -24 -28 -25 -23 -15 -17 -17 -19 -24 -15 -22 -25 
-24 -12 -16 -19 -17 -14 -12 -13 -10 -7 -14 -4 -6 -2 0 0 -1 9 2 7 10 11 15 18 20 26 27 35 38 38 39 39 47 56 50 55 56 56 60 64 59 59 61 60 58 50 50 52 52 52 47 48 46 43 38 32 38 31 31 35 29 28 29 31 27 27 29 21 21 21 20 18 18 17 19 16 15 16 12 19 18 13 12 16 18 11 22 19 19 18 17 20 17 14 20 14 12 17 19 19 18 20 20 17 17 17 17 15 20 
22 15 16 18 18 11 16 18 18 16 15 22 28 32 39 47 55 68 78 96 106 131 145 169 180 188 202 218 229 240 253 269 283 295 304 308 313 327 338 335 342 342 340 347 350 355 356 352 345 349 350 346 345 355 349 349 345 354 353 354 352 352 346 345 345 348 346 351 348 351 346 
345 347 353 345 347 342 339 336 332 328 323 320 307 307 290 284 268 264 257 234 231 223 211 202 195 178 173 156 141 130 117 103 87 75 69 62 46 37 25 19 8 6 0 0 2 0 -4 -7 -4 -13 -10 -12 -17 -9 -11 -9 -11 -11 -11 -8 -6 -11 -8 -2 -6 -5 -6 -6 -6 -4 -8 -4 -9 -11 -1 -3 -9 -11 -4 -4 -3 -5 -9 -13 -6 -6 0 -2 -2 -7 -6 -6 -8 -4 -4 -4 -6 -8 -9 -7 -4 -6 -3 -7 -5 -4 -6 -8 -14 -5 -7 -4 -3 -5 -7 -7 -8 -10 -8 -6 -6 
-7 -6 -6 -12 -6 -9 -11 -6 -2 -2 -3 -3 -8 -5 -2 -9 -10 -4 -6 -17 -11 -13 -15 -19 -22 -24 -24 -31 -36 -36 -36 -41 -37 -45 -45 -51 -49 -49 -51 -58 -55 -52 -52 -49 -43 -48 -48 -48 -37 -31 -40 -37 -31 -40 -31 -25 -24 -15 -18 -10 -12 -11 -11 -7 -5 -1 0 7 10 9 0 8 10 9 16 18 21 21 18 29 29 32 34 30 37 31 29 31 33 29 29 27 29 31 24 22 30 32 33 35 36 
30 30 28 25 23 29 26 26 29 26 27 22 22 22 16 13 13 12 7 1 0 -1 6 2 1 -9 -16 -20 -24 -26 -26 -21 -20 -36 -31 -36 -36 -40 -41 -35 -34 -36 -30 -32 -28 -31 -24 -21 -18 -17 -11 -15 -7 -5 -6 -8 -2 1 3 14 13 7 8 17 16 17 22 24 32 27 28 36 35 37 34 31 33 32 33 30 32 31 36 35 33 33 37 38 40 36 30 31 
39 32 32 29 34 31 31 30 30 38 33 31 32 36 35 37 35 34 39 44 41 43 45 50 55 62 62 69 66 57 54 58 58 58 58 69 74 76 87 88 99 100 116 122 132 137 153 155 165 174 181 184 187 194 205 207 211 215 220 228 233 238 245 245 246 261 255 256 267 267 278 280 280 288 293 296 298 303 309 314 318 315 316 322 324 325 325 329 323 330 327 334 334 336 335 335 336 338 331 336 336 336 337 339 340 340 342 347 346 342 341 335 337 335 346 338 342 343 343 340 343 341 341 338 
340 341 337 341 346 345 342 341 338 338 343 341 334 333 329 332 329 323 322 318 310 305 296 289 286 280 274 267 266 260 255 255 257 243 240 233 231 225 219 204 204 194 185 181 169 166 157 153 138 132 126 117 101 80 67 59 59 50 44 38 32 26 22 13 13 13 4 2 -4 -9 -11 -15 -16 -14 -16 -19 -13 -14 -19 -19 -23 -23 -23 -26 -23 -12 -9 -11 -4 -4 -1 -1 0 -1 0 0 -8 -2 3 0 1 -5 
-3 -5 -2 0 0 6 8 6 12 10 11 16 18 21 30 38 48 69 85 104 128 138 148 167 177 194 212 222 237 249 262 267 285 301 309 323 328 333 344 347 349 355 355 352 355 357 355 352 356 358 355 349 353 353 350 353 354 357 351 348 348 350 
350 348 347 347 342 350 346 340 342 336 333 332 324 311 294 280 265 257 241 223 206 191 176 164 142 130 121 104 97 85 70 67 53 48 29 29 22 15 3 -3 -8 -21 -26 -30 -27 -32 -32 -28 -24 -24 -25 -25 -26 -20 -18 -22 -23 -20 -27 -27 -24 -30 -28 -23 -26 -20 -22 -24 -20 -18 -12 -20 -15 -15 -13 -10 -19 -20 -16 -24 -17 -16 -13 -13 
-13 -13 -7 -10 -7 -5 -10 -8 -13 -16 -15 -12 -9 -13 -13 -12 -20 -20 -25 -29 -26 -34 -31 -30 -38 -43 -42 -40 -39 -35 -40 -40 -31 -35 -35 -31 -29 -28 -29 -23 -17 -18 -20 -22 -19 -16 -16 -10 -10 -3 -5 0 -1 6 7 6 11 12 6 13 21 24 24 24 21 25 23 24 29 22 31 36 38 37 31 39 35 34 36 27 33 30 32 
31 33 35 34 34 33 25 30 28 27 23 22 18 18 24 18 17 13 12 9 3 0 -5 -3 -9 -9 -9 -12 -17 -13 -18 -15 -20 -31 -34 -28 -22 -22 -26 -27 -29 -20 -22 -20 -17 -17 -17 -17 -11 -9 -8 -6 0 5 3 9 7 11 4 13 13 18 19 26 22 22 16 27 21 18 17 19 19 19 21 25 23 20 19 16 18 14 16 23 23 21 23 17 18 20 16 19 21 27 21 20 21 18 24 23 21 23 28 30 24 22 29 23 23 26 25 24 23 24 
23 25 25 27 25 22 22 22 26 24 24 24 20 26 19 19 24 19 22 24 25 23 20 23 23 26 26 30 30 31 27 32 28 36 33 44 45 53 53 55 58 65 73 78 83 90 90 112 122 130 140 142 164 162 176 180 185 194 207 214 214 221 220 230 224 231 236 241 243 248 248 246 244 252 251 251 248 249 246 245 249 249 239 242 249 248 242 247 243 245 242 244 244 242 246 247 251 252 249 248 245 252 252 247 250 247 249 251 244 249 253 250 252 251 247 250 252 252 254 255 249 244 244 
248 254 249 247 249 249 248 256 251 253 258 248 250 249 247 237 239 240 240 228 226 225 223 219 211 200 202 186 176 176 173 170 164 155 142 135 128 122 117 109 106 98 93 89 88 86 80 80 71 72 67 66 63 57 54 48 48 42 42 45 40 30 30 32 33 35 35 27 27 29 29 29 25 19 21 20 22 26 23 23 27 18 19 20 24 26 
2 3 3 8 12 7 4 5 2 5 12 6 11 4 8 6 6 8 2 0 -4 -8 -5 -5 -15 -20 -16 -21 -26 -26 -28 -32 -36 -42 -43 -42 -53 -49 -58 -55 -55 -63 -54 -54 -54 -48 -50 -46 -46 -46 -43 -36 -30 -28 -18 -18 -17 -14 8 10 9 13 17 21 22 27 31 30 29 33 33 44 41 35 33 37 45 45 38 38 40 37 38 32 33 32 32 32 27 34 36 22 30 
30 30 32 26 27 38 34 33 33 28 26 27 29 34 33 27 33 27 19 14 14 11 12 3 -4 -5 -13 -15 -22 -23 -27 -25 -26 -33 -35 -35 -40 -42 -44 -46 -51 -49 -50 -52 -49 -49 -51 -50 -47 -47 -38 -33 -27 -18 -16 -9 -6 -6 -3 0 4 6 5 15 21 22 28 23 23 28 28 25 29 27 27 24 29 29 25 33 30 
28 28 35 33 35 29 35 34 35 35 27 35 32 30 33 33 27 29 28 31 28 30 33 31 25 13 20 25 36 33 35 35 37 34 47 47 47 48 48 50 52 61 62 65 71 76 77 84 84 92 101 112 117 123 131 138 143 154 159 161 169 177 187 189 198 209 209 214 224 224 224 232 229 235 231 238 240 233 240 237 240 243 240 236 238 241 246 248 251 256 256 256 260 262 267 268 270 273 271 273 282 284 284 288 288 280 282 287 289 289 291 291 293 287 
293 290 289 289 291 289 288 290 282 284 269 277 271 265 253 249 252 251 244 246 245 246 243 248 240 240 228 234 236 232 216 218 212 214 201 195 197 194 185 181 173 161 154 152 145 133 126 117 115 104 98 85 84 80 80 80 74 71 70 64 61 58 60 54 51 48 39 41 39 39 32 29 31 23 23 17 16 21 16 16 23 19 14 9 6 8 10 10 14 5 7 9 9 3 5 4 0 0 -2 -7 -6 -9 -9 -3 -3 -3 -4 0 -4 -4 -1 -9 -4 -3 -3 -3 0 -1 0 1 -1 -6 -6 -12 -3 -3 -5 -3 0 -6 -6 0 -7 -7 -3 -3 0 -3 -4 
-1 -1 -1 -3 0 -3 -7 -1 -1 -7 -1 -3 -5 3 -2 -4 -6 -10 -5 -8 -14 -16 -22 -22 -22 -25 -27 -26 -29 -33 -30 -32 -37 -39 -45 -47 -47 -50 -45 -51 -53 -53 -49 -50 -58 -51 -46 -46 -47 -47 -41 -35 -33 -30 -27 -30 -34 -22 -19 -13 -12 -9 -3 -4 2 8 9 9 14 18 22 22 28 28 28 30 33 27 28 28 33 28 33 33 33 44 35 38 39 33 39 38 37 34 29 34 
30 32 34 29 30 34 34 33 30 27 21 18 23 11 11 11 3 -2 -4 -10 -13 -18 -32 -32 -32 -37 -37 -47 -49 -49 -39 -43 -45 -38 -44 -43 -45 -41 -31 -39 -37 -38 -34 -30 -31 -33 -28 -30 -24 -29 -24 -15 -17 -16 -11 -8 -8 -2 -5 -2 2 0 2 0 0 2 10 12 12 4 6 12 6 9 5 13 10 0 6 6 4 2 4 3 9 6 3 2 3 
6 9 8 8 11 11 11 12 12 10 9 11 9 12 6 14 15 24 31 32 37 40 48 49 52 52 60 60 71 75 79 95 99 100 109 126 137 140 145 151 156 163 168 176 179 183 195 196 205 205 205 207 212 215 224 225 230 232 228 229 228 233 234 231 236 236 233 228 226 225 228 235 232 227 230 230 228 228 228 228 230 230 227 228 231 228 226 226 231 226 228 226 226 
222 222 223 225 230 232 232 229 230 236 229 237 234 232 232 234 227 229 233 239 239 230 233 230 221 213 219 217 209 209 197 191 181 175 172 166 166 156 148 142 127 124 113 115 109 110 105 101 96 93 86 79 76 71 73 73 67 61 62 59 48 47 38 42 46 39 36 38 33 30 30 26 28 25 25 22 23 24 21 26 19 18 22 20 19 18 15 14 16 14 16 18 
3 0 0 0 2 0 1 1 0 0 0 -2 -6 -5 -5 6 -1 1 0 1 9 12 14 28 33 44 55 70 86 106 115 134 154 162 178 191 214 237 251 270 278 294 301 315 314 320 328 328 330 332 340 337 333 332 327 327 332 327 329 328 329 329 331 330 334 330 333 330 334 336 331 334 331 331 330 327 329 331 
329 330 332 332 329 325 316 315 312 306 300 290 274 260 245 229 206 165 145 115 100 85 77 58 51 38 29 17 4 -6 -7 -9 -21 -26 -28 -34 -36 -39 -40 -42 -39 -44 -43 -37 -41 -43 -38 -38 -40 -45 -40 -34 -37 -35 -37 -37 -37 -37 -35 
6 3 0 5 -1 6 10 1 3 -2 0 0 1 5 2 -1 1 4 -1 2 1 1 1 3 2 5 10 7 8 8 8 11 10 11 12 13 8 13 18 15 15 15 13 21 19 18 18 19 18 23 22 19 24 26 28 33 32 34 31 33 35 39 41 43 45 45 47 48 52 47 52 50 50 48 45 50 50 50 47 41 47 44 39 44 32 38 28 25 32 26 30 31 33 30 28 33 33 35 35 36 31 
33 29 39 33 27 27 29 31 30 31 33 36 28 30 31 34 36 33 31 30 32 36 39 42 39 44 44 38 38 45 43 45 45 42 42 42 44 39 34 33 33 36 36 37 40 41 41 41 35 32 34 31 33 32 33 29 26 28 30 28 27 24 17 21 26 16 15 15 16 16 17 14 15 13 10 13 7 4 4 -1 0 0 1 2 4 4 3 3 3 2 2 2 0 -2 0 5 
4 8 10 13 8 2 7 9 6 3 5 6 9 6 8 5 4 6 8 13 12 15 21 23 28 31 39 44 43 43 46 54 57 64 69 69 69 75 80 92 97 110 116 124 126 140 148 160 165 168 166 171 176 183 188 191 190 200 194 202 206 208 212 214 208 209 212 219 217 219 221 220 218 225 220 221 218 217 224 218 220 219 221 217 216 226 223 219 219 221 221 224 229 223 225 227 
226 225 223 228 228 223 220 223 220 223 223 222 213 219 221 215 225 220 224 218 216 210 213 213 210 203 203 198 196 187 186 184 172 172 165 159 162 146 135 129 127 113 111 101 101 96 86 80 75 63 63 60 55 51 47 52 48 44 41 38 35 35 31 29 30 24 21 21 23 23 24 21 12 20 8 11 13 7 9 14 9 3 8 5 7 10 8 4 7 9 9 8 
9 11 8 5 5 5 5 10 7 8 6 5 10 11 13 8 11 15 16 15 16 21 23 26 31 31 33 35 36 39 43 43 45 50 50 60 63 60 65 65 67 76 72 75 84 94 92 94 105 108 121 123 126 135 137 143 154 161 165 170 179 184 186 192 194 199 207 208 212 211 216 218 214 211 211 214 217 213 213 224 217 224 216 218 228 223 223 220 219 221 224 223 223 219 219 221 222 224 223 225 225 222 224 
226 232 231 228 225 227 222 225 224 221 225 228 225 225 225 222 220 229 231 229 227 230 231 236 231 233 230 224 229 229 217 213 214 211 210 201 198 197 187 185 180 171 169 160 154 144 141 126 123 111 107 95 90 81 79 67 72 64 59 57 54 53 50 47 41 42 43 38 36 41 32 40 30 35 35 34 30 32 31 32 34 28 28 27 29 30 29 26 24 20 22 24 28 26 26 23 25 20 26 
30 23 20 20 17 24 29 23 23 20 25 19 24 25 19 28 29 27 27 29 28 27 27 29 33 35 35 39 35 43 45 45 46 51 55 59 61 64 73 73 74 81 86 86 93 95 97 105 119 119 133 144 146 149 154 165 171 183 188 189 197 205 210 211 220 221 223 222 226 218 219 219 219 216 221 218 223 212 221 222 220 218 220 222 222 221 226 225 222 227 224 230 233 234 230 231 232 234 228 231 238 237 238 233 
229 229 232 231 233 230 234 233 236 233 227 231 230 229 231 228 224 218 225 222 217 217 219 215 215 212 208 208 204 204 207 204 203 200 197 194 192 192 180 179 176 171 166 159 150 141 135 135 123 115 117 115 112 104 98 90 87 80 77 80 77 72 69 66 64 60 54 54 52 51 47 48 45 41 41 42 44 41 35 34 31 35 34 35 31 38 36 26 35 32 37 31 32 34 31 32 32 31 35 32 33 32 32 31 31 30 31 28 29 27 32 31 32 29 26 33 30 35 
17 17 17 12 12 17 13 14 17 14 12 14 16 25 24 29 26 37 42 58 72 85 104 122 133 147 169 178 197 212 226 237 252 265 279 297 316 324 335 346 355 355 363 368 369 372 368 373 371 377 374 369 373 373 373 373 379 378 373 370 371 371 372 374 377 379 381 373 371 376 381 375 376 373 373 377 371 370 366 374 370 
371 371 376 367 369 368 370 367 374 370 370 372 376 366 354 349 337 334 322 307 289 262 247 229 204 180 154 124 106 88 71 45 29 2 -18 -30 -44 -49 -44 -46 -45 -43 -37 -38 -38 -43 -36 -33 -29 -33 -38 -28 -32 -32 -34 -29 -31 -31 -33 -31 -31 -29 -29 
-36 -30 -32 -32 -33 -30 -27 -29 -30 -28 -24 -21 -24 -18 -12 -6 -2 5 20 34 53 75 90 109 124 149 161 185 216 238 263 283 299 318 334 343 351 346 354 356 367 364 366 368 368 369 357 362 365 366 361 358 361 361 361 
354 360 365 362 362 355 356 360 359 356 358 355 354 347 347 341 333 328 317 304 295 287 277 267 250 236 224 199 182 160 139 121 92 86 71 63 59 59 50 47 43 37 37 34 34 34 36 30 27 30 24 26 
4 9 6 8 6 10 4 5 6 -2 0 7 4 5 0 1 6 5 9 6 12 8 8 8 2 1 0 5 6 8 6 8 10 9 14 11 18 12 11 16 12 11 2 4 3 -1 1 3 8 1 -1 6 11 8 11 11 2 5 16 17 13 12 13 8 8 5 10 11 7 11 14 13 15 10 11 13 9 14 10 6 11 13 10 6 
12 23 23 25 19 19 18 23 12 18 15 8 15 10 11 16 12 12 12 12 12 14 14 11 8 9 6 10 15 20 11 13 16 14 12 6 9 8 5 9 1 9 7 -1 3 4 0 7 8 -1 0 0 2 6 3 3 5 5 4 
22 25 24 18 23 28 24 23 20 21 21 20 18 18 21 15 12 19 16 22 22 27 27 23 27 29 27 31 30 33 38 34 38 42 43 48 55 60 60 69 64 69 71 71 76 78 77 74 74 76 76 74 71 76 76 64 65 60 68 62 65 60 63 60 59 47 51 49 53 52 47 46 44 44 43 38 43 40 44 43 46 40 35 41 43 39 42 34 39 
41 38 43 42 46 38 40 43 37 40 45 42 47 47 41 41 44 52 49 46 54 62 62 67 64 71 75 73 78 78 76 82 79 84 80 76 92 83 85 78 77 76 74 69 71 65 59 59 55 63 63 65 62 59 61 52 53 60 56 50 45 42 43 43 45 44 44 41 40 37 36 43 43 37 41 43 40 42 39 37 41 47 35 37 
33 28 32 34 31 31 28 30 30 35 33 29 26 24 34 34 31 28 22 28 32 30 34 36 35 51 54 70 78 97 120 136 156 176 198 223 242 258 276 302 314 319 334 343 338 350 352 354 358 356 361 362 363 358 369 364 364 367 364 363 366 365 368 363 371 367 364 366 363 359 363 363 355 358 355 358 360 
360 360 358 356 358 357 358 358 360 357 360 359 353 356 357 356 353 350 351 342 336 322 308 299 279 267 250 243 231 217 205 199 180 167 158 145 128 117 104 97 74 63 53 50 45 36 24 21 16 17 13 13 8 13 8 2 4 1 -2 3 3 2 9 2 4 0 2 6 0 0 0 0 2 0 5 1 2 4 4 
20 18 15 22 22 14 19 21 18 25 29 23 23 24 27 27 21 20 22 22 21 18 17 14 15 3 2 -5 -19 -24 -28 -28 -28 -29 -37 -39 -41 -45 -44 -43 -45 -46 -43 -49 -47 -49 -54 -51 -48 -53 -47 -43 -47 -44 -42 -39 -37 -32 -29 -30 -20 -25 -23 -13 -17 -19 -15 -14 -9 -8 -11 -8 -4 1 -8 -1 -2 2 0 3 9 2 2 2 0 8 8 5 0 5 7 6 0 0 -5 -2 4 6 5 7 9 1 0 
4 6 4 2 3 3 3 2 4 1 0 1 5 -2 -5 -2 -1 -9 -10 -7 -7 -12 -10 -18 -23 -25 -22 -26 -28 -25 -25 -34 -38 -42 -36 -36 -35 -37 -43 -34 -37 -39 -39 -39 -47 -41 -41 -38 -36 -37 -34 -32 -36 -27 -27 -26 -20 -24 -20 -22 -25 -19 -17 -10 -8 -1 -5 3 7 13 10 20 17 12 20 22 19 24 21 23 26 28 28 26 28 22 
30 28 30 28 29 34 34 34 34 36 36 39 39 40 38 38 40 37 40 40 37 40 46 53 57 62 57 58 57 58 65 67 68 70 70 77 90 94 105 111 113 122 133 138 143 145 153 159 164 169 168 175 173 175 176 184 186 187 192 196 202 204 206 205 211 218 220 220 221 227 227 229 232 226 231 230 230 227 229 230 227 232 229 229 224 229 233 236 233 234 230 234 239 234 239 235 234 238 226 231 231 234 233 235 235 233 231 226 233 237 234 232 232 233 232 
238 232 240 235 235 234 236 244 232 237 237 240 245 235 237 233 236 233 233 230 226 225 223 216 218 217 210 213 204 200 200 201 189 184 184 178 166 164 159 147 140 129 134 125 121 111 105 99 95 94 89 83 71 73 67 64 66 63 54 54 45 44 38 36 41 41 38 39 29 34 28 25 25 27 24 21 23 23 17 17 22 24 15 14 19 16 21 15 20 12 16 9 15 11 16 13 7 11 13 15 15 12 
11 11 19 16 11 9 13 13 9 11 8 5 7 13 11 11 9 15 9 13 10 16 15 20 25 30 38 37 38 40 49 46 41 43 44 48 45 45 48 49 46 42 43 42 36 30 29 32 29 22 30 21 21 20 19 19 19 19 10 12 12 15 9 12 12 10 7 8 10 6 3 2 2 3 10 2 4 2 3 2 2 1 6 -1 0 -8 0 -2 -2 -3 -5 -5 -8 -6 -1 -3 -5 1 0 2 2 1 -2 0 0 3 
7 4 4 6 0 5 7 12 6 0 0 -3 13 6 6 6 8 9 9 17 11 14 22 24 18 26 20 22 24 26 20 24 18 25 27 24 26 20 21 16 19 19 7 9 3 12 6 3 8 8 6 5 4 -1 -1 -1 -7 -7 -4 -9 -8 -9 -4 -6 -8 -14 -13 -15 -9 -20 -8 -13 -10 -12 -9 -11 -10 -12 -6 -14 -10 -7 -13 -18 
-16 -10 -15 -16 -16 -14 -15 -14 -15 -9 -6 -9 -1 4 12 19 31 37 48 59 67 81 96 111 125 156 177 190 204 229 238 249 256 267 276 291 292 300 309 316 326 333 333 339 344 347 349 348 347 347 347 342 344 344 349 349 346 348 348 350 350 349 346 343 342 345 347 347 341 341 339 
342 345 342 340 341 346 337 348 340 339 338 337 338 338 332 329 313 307 290 272 252 232 215 192 180 165 156 144 133 118 103 88 71 39 20 7 -2 -7 -23 -34 -28 -30 -32 -38 -39 -37 -39 -44 -46 -40 -43 -42 -42 -42 -40 -42 -38 -31 -31 -33 -36 -35 -29 -37 -29 -26 -31 -31 -25 
-29 -26 -28 -33 -30 -31 -35 -32 -28 -32 -26 -33 -28 -29 -30 -34 -28 -29 -31 -29 -31 -29 -32 -30 -36 -36 -29 -34 -37 -36 -34 -39 -39 -49 -49 -45 -46 -45 -46 -43 -43 -40 -43 -41 -42 -43 -42 -31 -39 -38 -31 -31 -33 -38 -32 -26 -31 -23 -31 -28 -21 -21 -11 -10 -12 -14 -8 0 5 4 5 0 9 10 13 6 11 16 11 16 15 16 23 16 18 17 16 19 16 13 15 15 17 9 15 19 24 18 18 17 15 15 14 16 14 16 22 18 18 
8 12 16 18 20 18 15 12 12 14 14 11 10 12 10 7 6 7 5 8 5 -1 -3 0 -7 -11 -13 -9 -14 -14 -9 -14 -22 -21 -21 -23 -20 -13 -14 -12 -13 -8 -16 -13 -11 -10 -11 -5 -10 -8 -2 -1 1 0 8 16 18 24 23 23 27 26 32 28 37 38 38 34 41 41 37 37 39 39 44 46 46 42 41 46 
39 41 39 42 38 43 48 45 37 45 42 47 49 50 47 51 49 54 54 54 51 53 59 53 57 56 59 67 64 64 68 70 74 75 72 85 89 91 93 102 108 111 126 134 139 144 154 154 160 179 180 185 187 187 187 198 204 204 212 205 205 203 206 210 212 214 215 213 216 216 218 215 221 222 226 223 220 228 222 222 227 224 229 223 223 222 219 229 221 226 223 223 
219 218 223 223 227 215 211 218 219 209 214 222 221 226 221 220 222 219 216 216 218 220 220 219 221 225 224 223 218 215 209 209 209 205 207 202 196 200 200 193 194 185 180 176 167 162 156 147 149 134 138 131 122 119 114 99 88 93 83 77 79 77 70 68 59 61 65 56 53 47 53 48 39 36 36 33 35 32 30 30 29 26 26 31 31 28 31 28 23 27 28 23 21 22 29 29 27 
5 2 7 6 5 6 8 3 3 0 5 2 2 1 3 0 2 2 0 6 3 4 6 1 10 5 5 2 2 10 7 12 8 6 11 13 10 19 10 13 15 22 22 18 23 24 26 31 31 30 28 26 23 28 29 30 38 33 46 49 46 55 53 60 61 64 72 74 65 71 71 73 69 67 71 71 71 70 63 68 68 73 69 77 81 77 82 82 89 87 87 91 87 95 89 89 94 99 99 98 97 98 106 97 97 99 101 101 100 102 
96 99 100 101 104 103 105 103 99 100 97 102 102 104 102 100 103 96 98 95 94 95 96 102 104 100 100 94 94 92 95 89 88 93 87 84 82 83 82 78 71 67 69 64 64 62 66 60 57 54 56 48 48 49 45 45 51 50 44 37 38 34 42 41 41 38 26 30 35 35 36 35 35 34 37 31 28 30 38 33 33 30 32 34 27 29 30 28 36 29 25 30 26 30 29 29 26 26 28 28 27 29 23 28 33 28 31 28 30 
29 28 24 22 25 22 24 26 26 32 39 44 50 72 87 108 136 164 180 203 209 229 246 261 267 279 289 298 303 310 315 328 329 331 342 343 340 345 349 345 348 349 351 348 340 339 348 352 347 351 347 346 348 346 346 345 342 342 347 342 341 350 341 338 344 341 335 345 342 345 345 343 340 336 344 
343 335 335 343 345 339 336 332 330 325 313 304 286 264 247 232 215 189 166 132 109 91 75 66 58 51 40 33 23 19 17 8 0 -2 -8 -11 -20 -17 -21 -25 -23 -21 -22 -22 -16 -24 -20 -24 -26 -24 -18 -17 -22 -23 -17 -17 -17 -17 -19 -19 -16 -18 -19 -19 -21 -16 -14 -12 -11 -15 -14 -16 -11 -16 -15 -10 -11 -13 -12 -14 -14 -15 -15 -16 -14 -14 -22 -13 -12 -17 -15 -13 -13 -10 -14 -16 
-13 -9 -9 -9 -11 -10 -12 -9 -9 -11 -11 -11 -18 -11 -13 -21 -16 -28 -23 -16 -29 -27 -30 -26 -32 -37 -35 -38 -38 -40 -42 -47 -47 -49 -43 -48 -50 -46 -48 -48 -47 -44 -41 -39 -46 -44 -41 -38 -43 -35 -34 -33 -33 -32 -27 -26 -19 -19 -28 -18 -23 -21 -17 -17 -17 -11 -8 -5 -10 -12 -12 -9 -3 -8 -3 -6 -9 -5 -10 -10 -10 -10 -6 -6 -8 -5 -10 -7 -7 -9 -6 -6 -8 
-11 -10 -11 -1 -9 -9 -17 -17 -13 -15 -14 -18 -17 -14 -19 -17 -19 -24 -25 -21 -28 -24 -25 -25 -29 -34 -32 -35 -33 -27 -35 -34 -33 -27 -35 -28 -33 -33 -29 -29 -30 -27 -23 -18 -22 -16 -9 -8 -11 -9 -9 0 4 6 11 15 23 20 23 28 28 30 34 30 34 42 45 39 44 37 31 37 32 44 44 38 37 37 38 35 38 39 40 32 
32 37 39 35 40 35 37 37 39 39 32 41 42 42 45 43 44 45 44 41 40 37 36 34 34 39 36 41 39 40 44 50 48 57 55 65 63 61 68 69 74 85 91 93 97 98 103 114 116 124 136 138 145 145 153 156 160 165 176 173 175 183 185 187 194 197 199 202 198 206 208 205 210 210 210 220 220 218 221 222 230 230 232 239 241 247 244 242 240 239 243 243 244 241 249 239 244 249 246 251 247 245 243 244 241 246 241 244 
246 248 248 240 240 242 240 242 243 243 245 239 245 241 241 245 242 239 239 241 242 241 238 232 227 230 229 230 221 215 213 206 197 194 187 176 176 169 164 152 151 139 139 130 122 121 124 109 106 96 90 81 78 73 64 65 59 58 58 49 49 46 40 35 41 38 30 26 18 20 14 18 15 9 10 13 17 19 19 24 20 22 25 19 16 18 20 17 19 23 18 23 23 24 17 14 15 20 28 
-7 -5 0 5 3 -2 -5 -5 0 -1 -6 -8 -8 -5 -3 -2 -3 0 0 -4 -6 0 -5 -5 -10 -7 -5 -7 -5 -2 -1 0 -3 -5 -10 -9 -9 -9 -7 -5 3 5 18 14 14 14 20 20 26 25 27 24 26 32 34 31 37 37 42 41 41 42 44 44 47 55 49 54 54 61 61 64 61 57 59 60 63 59 59 50 52 48 45 45 50 48 44 48 47 50 47 49 51 48 49 56 53 54 51 
49 48 60 67 67 72 76 70 75 73 71 74 69 74 79 79 75 78 82 82 76 78 75 78 75 73 73 70 67 75 71 68 73 71 66 68 77 78 72 79 69 70 64 58 54 50 47 48 47 42 38 36 36 34 34 35 30 32 33 30 32 34 35 32 34 33 30 38 32 36 38 38 41 36 27 29 37 34 36 38 35 29 32 36 33 33 36 33 34 30 30 32 30 24 38 
34 36 37 37 37 34 31 31 30 31 30 35 30 38 34 23 28 31 37 41 46 53 61 77 88 105 113 131 141 151 167 187 195 214 227 234 240 251 258 259 276 284 292 306 311 321 321 330 332 331 324 332 333 335 330 332 337 334 338 338 339 341 338 332 329 339 336 336 332 331 336 336 342 339 341 340 341 342 336 344 340 338 338 341 341 340 337 334 336 336 
338 334 331 331 336 334 334 340 332 335 332 331 327 334 328 323 326 320 315 309 297 288 279 259 248 233 226 215 199 182 162 149 128 113 99 87 68 65 55 47 41 32 26 23 16 15 12 9 2 2 3 -4 -6 -6 -6 2 -2 -1 -1 -1 -3 -3 -3 0 -2 -1 -6 0 0 0 -2 -2 -4 -2 2 0 0 0 2 4 -2 0 4 3 -2 0 0 -4 -3 3 3 3 3 5 -3 0 0 0 0 2 3 3 
-1 2 5 0 1 0 3 2 -3 -3 -3 -4 -1 -6 -10 -14 -16 -18 -20 -21 -26 -24 -29 -29 -37 -39 -41 -47 -58 -58 -55 -64 -65 -58 -59 -70 -63 -65 -64 -64 -56 -58 -61 -57 -52 -49 -51 -40 -42 -36 -30 -27 -28 -21 -12 -8 0 -2 -6 3 7 9 15 14 16 12 8 18 18 18 15 14 14 14 22 23 20 28 22 19 20 22 19 13 20 20 27 18 21 18 21 18 18 18 18 20 14 20 17 28 28 19 20 24 20 18 21 
28 23 25 21 21 22 26 26 21 18 18 16 15 27 23 21 21 17 14 14 17 11 13 4 4 8 5 0 -3 -11 -16 -17 -15 -20 -20 -30 -31 -35 -38 -32 -31 -33 -35 -35 -33 -30 -34 -31 -28 -33 -29 -25 -23 -25 -20 -11 -13 -17 -12 -4 -1 1 5 6 16 11 14 16 20 22 26 28 22 21 28 28 28 30 23 24 22 25 20 29 32 33 32 28 22 28 26 28 28 28 30 29 28 28 22 25 30 32 29 
23 27 27 27 25 25 30 32 30 25 28 26 29 27 33 30 28 35 32 36 38 39 39 43 43 43 43 45 51 40 45 50 55 55 60 57 66 65 70 74 73 78 80 81 86 89 94 95 100 103 118 117 118 128 133 146 149 160 163 169 172 173 173 177 173 184 187 190 199 196 196 203 204 209 209 208 208 199 210 211 212 211 210 207 212 206 206 208 210 210 210 211 210 208 213 209 213 209 207 210 210 209 210 206 201 208 207 213 207 204 206 
204 209 211 217 206 208 202 210 211 211 205 208 210 207 209 211 207 220 226 220 228 223 220 214 218 215 210 207 204 202 196 197 185 179 179 173 165 153 145 146 143 133 119 115 108 106 96 97 90 83 79 71 67 67 61 59 58 55 51 48 39 36 38 37 34 32 33 27 27 22 19 20 17 22 16 16 18 24 19 9 15 11 14 11 17 15 9 
21 18 15 15 11 11 9 16 22 14 16 23 30 25 30 42 47 56 72 74 91 106 116 138 159 175 189 195 223 234 253 261 271 288 304 312 322 316 324 336 336 336 341 343 345 339 347 341 346 350 345 344 347 344 340 347 343 347 343 343 343 342 339 
340 340 344 344 346 338 336 336 341 336 340 337 334 339 336 336 335 328 328 312 289 283 269 251 234 219 205 189 169 144 127 109 97 84 62 44 29 6 -3 -20 -22 -19 -30 -31 -25 -25 -24 -22 -19 -19 -25 -24 -16 -23 -17 -19 -16 -13 -13 -16 -13 -13 -10 -11 -9 -9 -8 -8 -8 -12 -6 -6 -5 -5 -8 -6 -8 -5 -7 -2 -4 -1 -6 -6 -7 -5 -5 -3 -5 -6 -5 -2 -5 -7 
-12 -7 -7 -4 -4 -3 -5 -9 -3 -3 -6 -5 -10 -8 -10 -10 -8 -13 -13 -18 -17 -17 -20 -25 -27 -28 -30 -30 -38 -38 -42 -42 -44 -46 -41 -45 -46 -46 -46 -43 -43 -44 -46 -42 -39 -37 -37 -34 -26 -28 -27 -28 -20 -14 -14 -8 -5 6 6 1 1 6 7 12 14 19 21 16 16 19 24 19 21 23 18 17 19 21 20 19 20 20 16 20 18 21 18 23 22 19 20 15 17 14 22 25 23 17 
17 25 22 19 20 22 23 25 17 14 21 20 15 16 21 21 12 18 12 7 4 6 3 0 -8 -10 -13 -16 -16 -24 -21 -28 -30 -28 -23 -23 -23 -23 -30 -27 -31 -30 -27 -24 -27 -27 -24 -23 -17 -15 -17 -11 -5 -1 -5 -2 3 0 1 7 18 22 19 21 23 22 27 24 20 20 21 26 23 21 22 21 23 17 21 24 20 20 24 25 16 
14 18 18 18 14 19 20 17 13 12 18 17 19 17 19 22 23 19 16 18 26 20 20 28 19 24 24 27 24 29 29 31 27 27 31 33 32 39 43 46 48 45 52 54 56 65 64 72 72 77 79 87 93 102 102 104 112 111 116 125 124 131 130 130 128 128 131 129 131 129 126 124 125 133 130 138 136 144 145 159 156 156 167 169 166 162 167 165 166 164 166 168 176 174 176 176 161 169 165 170 172 174 175 177 170 165 165 167 163 171 171 172 168 170 164 178 175 171 168 173 165 172 176 173 
176 172 182 176 178 175 175 174 179 176 179 181 184 172 175 183 185 171 174 174 171 170 170 158 159 156 154 151 146 138 140 140 131 127 128 120 125 116 115 114 113 102 92 88 82 76 73 73 63 57 56 53 44 34 36 36 28 28 22 24 26 24 18 23 15 13 13 13 11 13 5 10 10 9 14 14 12 8 7 4 4 5 8 2 4 6 6 8 1 0 5 -1 2 0 0 3 3 0 
17 14 19 19 22 20 19 19 10 17 19 19 22 17 22 13 16 23 20 25 27 28 22 25 27 29 34 32 34 34 39 36 42 45 47 44 47 47 49 51 56 61 63 65 64 69 73 69 73 73 70 81 85 85 77 85 74 72 68 74 72 68 65 62 63 60 70 70 69 60 55 50 50 50 49 50 47 48 51 47 47 42 41 49 49 44 42 35 37 39 44 40 36 43 47 49 46 43 43 48 55 54 51 52 52 52 55 55 55 49 52 59 56 56 58 54 53 
53 55 55 60 62 63 64 61 61 60 63 60 66 66 60 68 74 68 74 71 71 62 66 66 63 57 57 52 54 53 52 49 50 42 42 46 44 41 35 32 38 32 29 27 25 24 23 23 24 20 17 22 26 20 14 14 16 16 20 17 15 15 20 19 21 15 19 24 18 16 16 16 13 15 15 18 13 14 8 5 16 13 10 11 11 11 13 16 13 13 8 9 17 8 10 16 13 19 11 17 14 9 17 
12 13 16 7 4 11 13 10 12 11 11 13 13 15 22 34 48 62 85 103 124 140 154 173 189 208 224 240 249 270 283 300 306 317 321 330 338 348 356 358 358 356 353 362 353 357 351 354 356 356 356 358 358 350 359 356 353 354 351 351 345 346 354 347 347 349 349 346 347 350 344 
351 350 349 348 348 348 342 336 336 333 330 321 312 308 303 289 280 273 250 242 230 215 195 192 175 148 129 120 105 96 80 71 62 57 45 40 30 27 21 12 9 6 -5 -7 -9 -8 -13 -13 -11 -19 -19 -17 -19 -15 -16 -16 -18 -18 -6 -11 -16 -16 -16 -12 -13 -16 -15 -10 -12 -12 -9 -13 -8 -19 -22 -14 -14 -9 
-13 -14 -15 -12 -16 -10 -12 -16 -12 -14 -18 -7 -7 -9 -16 -21 -23 -17 -20 -20 -24 -29 -26 -31 -31 -36 -38 -38 -42 -39 -41 -39 -39 -47 -42 -41 -44 -40 -41 -38 -40 -40 -41 -37 -45 -45 -42 -39 -36 -33 -33 -30 -25 -27 -26 -21 -19 -12 -16 -18 -19 -17 -11 -10 -6 -3 -3 0 -1 -2 -4 -2 3 0 3 0 2 7 6 8 4 6 6 7 2 3 3 6 5 8 4 2 9 9 5 0 10 10 10 
4 1 6 6 0 1 8 1 -3 -6 -5 0 3 -1 -5 -7 -11 -11 -19 -21 -23 -26 -26 -23 -26 -26 -26 -29 -24 -24 -27 -26 -24 -21 -23 -23 -17 -13 -14 -17 -14 -11 -2 -1 2 4 9 8 16 10 20 20 23 28 30 34 36 33 38 41 43 46 47 44 41 48 50 52 54 53 49 45 49 50 50 50 49 50 47 44 43 43 51 
53 53 47 45 49 49 49 48 46 50 52 48 48 49 48 56 53 53 49 48 56 47 45 47 52 48 46 54 60 56 62 60 64 64 66 71 76 77 77 77 85 88 101 106 107 118 120 124 134 136 141 149 154 164 164 173 178 182 181 183 183 184 193 195 197 194 191 196 201 203 202 210 211 213 219 219 221 226 228 231 231 238 241 243 250 250 246 254 248 250 255 252 247 253 251 252 256 261 257 257 259 254 256 259 261 256 263 263 260 259 259 267 262 256 256 261 272 257 265 262 266 263 265 
263 261 263 268 266 266 266 267 267 267 266 264 257 263 260 253 257 252 246 246 244 238 240 237 237 232 233 221 227 225 222 212 208 199 193 181 166 158 149 141 130 121 109 106 106 93 90 86 76 68 68 65 62 59 60 53 50 42 44 51 46 44 43 40 40 38 38 38 40 34 39 36 39 30 38 43 37 36 34 43 44 39 39 36 34 28 35 32 34 35 35 33 29 31 36 
4 9 10 4 2 5 3 9 1 1 8 13 13 7 5 7 8 2 2 -1 0 1 5 0 5 14 14 18 27 29 34 37 42 36 38 43 45 50 49 56 58 60 61 63 56 58 60 60 59 58 66 62 58 63 62 64 69 63 61 67 65 62 68 66 72 68 74 65 66 59 59 50 49 44 42 44 38 39 33 34 36 32 29 37 38 41 43 40 39 43 45 45 40 47 49 44 46 48 53 55 
50 44 51 55 50 51 49 51 50 51 54 55 57 63 60 64 64 63 65 72 63 66 67 65 64 63 60 68 64 64 67 61 61 59 56 54 50 50 49 47 52 57 45 41 38 38 32 36 30 30 28 21 21 18 13 15 17 19 15 15 13 12 7 9 7 10 13 10 17 16 16 14 14 16 17 11 15 10 12 15 12 12 16 16 13 13 14 14 12 12 14 14 13 13 6 8 10 13 13 
10 9 9 3 9 6 6 9 4 4 8 12 8 16 23 32 31 43 55 74 84 106 118 136 148 162 174 193 205 220 236 245 256 268 276 286 300 311 317 317 325 336 336 341 344 340 350 351 348 349 351 348 353 353 350 352 348 350 351 348 350 345 347 345 350 347 345 345 341 343 340 
345 344 341 343 340 349 345 339 338 340 337 339 337 335 332 320 307 292 275 258 241 216 199 173 137 110 88 73 59 45 39 26 17 11 4 0 -3 -9 -17 -19 -21 -17 -25 -21 -25 -25 -22 -19 -18 -21 -21 -21 -15 -20 -21 -14 -16 -19 -16 -10 -10 -18 -15 -10 -7 -7 -9 -7 -14 -13 -7 -8 -7 -9 -10 -13 -14 -11 -4 
-2 -14 -9 -6 -9 -9 -14 -5 -6 -11 -14 -15 -13 -16 -10 -10 -7 -21 -17 -16 -16 -16 -21 -18 -12 -19 -21 -18 -25 -26 -25 -31 -31 -33 -30 -37 -33 -37 -41 -36 -40 -40 -42 -45 -42 -48 -42 -45 -42 -41 -39 -35 -38 -32 -32 -32 -25 -20 -22 -24 -14 -20 -17 -13 -11 -4 -6 -8 -7 -9 -8 -13 -8 -13 -11 -10 -9 -6 -6 -5 -1 -6 -8 -7 -9 -10 -11 -10 -7 -14 -13 -9 -9 -11 -5 -16 -13 -10 -12 -10 -12 -10 -15 
-16 -13 -13 -13 -15 -10 -15 -16 -15 -20 -20 -14 -21 -26 -28 -22 -24 -30 -34 -28 -36 -36 -40 -37 -40 -48 -42 -52 -49 -44 -46 -46 -47 -43 -40 -42 -39 -34 -32 -34 -29 -25 -27 -19 -12 -13 -10 -6 -7 1 -1 4 6 7 7 9 13 16 17 16 14 15 16 18 20 14 19 21 21 26 23 20 19 20 18 18 25 25 21 23 21 17 14 16 
18 20 17 16 10 12 12 17 17 14 15 20 22 22 22 21 21 22 21 23 25 22 21 30 32 34 32 33 28 25 17 28 33 41 48 50 44 50 51 54 55 60 64 64 66 68 72 72 78 80 90 95 100 111 123 128 133 130 138 141 153 165 169 170 179 190 201 201 198 207 210 211 219 219 226 230 230 230 237 243 238 243 248 242 242 244 240 242 244 244 241 249 246 251 245 246 248 240 247 249 252 251 251 253 250 248 247 249 251 248 252 249 250 252 254 249 251 247 
253 253 255 257 255 255 250 253 253 257 251 253 253 252 243 243 241 241 230 235 235 230 224 223 223 223 223 210 210 206 198 195 190 181 176 167 161 154 145 136 127 127 118 118 105 98 93 93 90 79 75 67 59 58 62 57 46 43 43 42 36 38 38 38 43 39 41 32 33 27 27 30 22 25 22 23 19 27 22 22 21 29 25 22 22 19 19 19 20 22 19 17 19 26 20 25 21 21 19 20 19 21 21 23 23 25 20 19 
