-5 -4 -2 -3 -2 -5 -2 -2 1 0 2 -1 -7 -7 -10 -7 1 -2 -2 -2 3 4 4 0 -7 0 0 -4 1 3 6 11 11 2 1 4 2 8 7 15 6 11 13 10 14 12 19 18 10 12 12 9 8 2 1 -4 -6 -6 -11 -12 -21 -30 -32 -46 -54 -63 -69 -76 -84 -87 -92 -93 -107 -112 -114 -120 -131 -128 -129 -142 -145 -150 -153 -163 -164 -168 -177 -178 -184 -181 -189 -194 -191 -199 -207 -214 -216 -216 -220 -217 -224 -221 -218 -218 -222 -222 -216 -216 -216 -213 -217 -214 -216 -216 -216 -217 -211 -214 
-211 -209 -206 -207 -204 -206 -211 -214 -208 -211 -210 -207 -208 -203 -204 -199 -194 -196 -190 -186 -191 -177 -171 -164 -160 -155 -144 -141 -132 -126 -116 -113 -97 -88 -79 -70 -64 -57 -47 -42 -36 -20 -23 -14 -9 -4 -4 0 -1 1 1 4 6 4 4 5 6 13 13 2 4 9 10 6 8 12 6 10 13 8 16 18 14 12 12 17 4 9 14 11 14 8 16 7 12 14 18 15 15 12 9 19 22 13 15 14 14 14 11 12 15 17 18 19 13 20 9 6 11 14 14 16 9 10 14 15 17 17 19 17 14 
15 13 7 15 11 13 13 15 11 14 6 17 18 16 16 22 24 24 19 26 28 28 26 31 32 25 27 22 16 9 3 -2 -13 -15 -26 -30 -47 -54 -69 -89 -101 -113 -118 -131 -145 -150 -158 -177 -184 -195 -210 -206 -222 -222 -216 -218 -218 -218 -228 -222 -227 -227 -218 -222 -219 -218 -220 -219 -216 -214 -217 -215 -217 -221 -215 -213 -214 -211 -214 -213 -216 -213 -214 -216 -213 -215 -214 -208 -212 -204 -215 -214 -211 -216 -209 -215 -215 -209 -211 -208 -207 -201 -203 -210 -209 
-202 -208 -205 -210 -207 -201 -195 -192 -186 -186 -178 -165 -152 -130 -98 -83 -64 -43 -31 -13 -4 10 12 18 29 30 30 31 36 36 30 27 22 21 20 11 9 3 0 -5 -7 -10 -18 -24 -25 -23 -19 -19 -21 -26 -23 -26 -21 -19 -22 -20 -17 -23 -25 -21 -15 -17 -13 -11 -16 -11 -11 -9 -9 -14 -8 -12 -12 -9 -9 -10 -10 -13 -10 -6 -7 -14 -13 -12 -6 -6 -8 -11 -10 -14 -12 -11 -8 
-4 -11 -12 -10 -7 -6 -10 -8 -6 -6 -3 -9 -8 -8 -11 -3 -11 -13 -7 -15 -11 -10 -11 -13 -11 -18 -13 -15 -14 -17 -16 -15 -17 -22 -22 -22 -30 -33 -37 -43 -44 -44 -47 -50 -59 -53 -58 -65 -66 -69 -70 -72 -73 -81 -89 -90 -83 -91 -101 -101 -108 -105 -97 -108 -110 -109 -109 -107 -117 -112 -115 -115 -120 -117 -119 -116 -115 -114 -111 -119 -119 -120 -117 -117 -112 -114 -115 -119 -120 -113 -115 -114 -114 -113 -115 -118 -115 -117 -117 -117 -115 -112 -109 -114 -116 -118 -121 -116 -111 -108 -115 
-111 -114 -114 -116 -113 -112 -122 -115 -109 -109 -109 -115 -112 -110 -111 -108 -109 -111 -115 -112 -112 -114 -110 -107 -111 -105 -103 -102 -101 -90 -93 -93 -86 -88 -82 -83 -83 -76 -75 -70 -57 -59 -61 -59 -54 -45 -45 -42 -33 -37 -31 -30 -27 -24 -21 -21 -9 -4 -4 -4 2 -1 -5 0 2 2 2 0 2 5 2 1 10 2 7 11 2 6 3 6 6 4 1 5 2 1 2 -3 -3 -3 -3 -3 0 -1 -6 0 1 -6 0 -5 -2 0 -3 -5 -3 -5 -9 -2 -4 -9 -12 -13 -14 -6 -5 -9 -10 -7 -15 -9 -8 -6 -9 -3 -10 -10 -14 -7 -10 -12 -14 -8 -10 -11 -15 -11 -5 -6 -9 -13 -9 -6 -4 -10 -10 -10 -12 -13 -15 -12 -8 
-10 -12 -18 -14 -11 -11 -11 -8 -14 -8 -7 -12 -14 -10 -12 -11 -8 -10 -11 -11 -6 -3 -7 -2 -7 -9 -6 -3 -5 0 2 2 -3 0 4 0 5 4 2 4 6 4 8 14 8 9 14 16 15 21 23 22 26 29 27 27 28 28 25 33 28 34 36 31 39 36 29 37 38 38 45 46 47 41 39 43 38 40 42 44 44 34 34 41 43 38 39 44 37 37 37 38 43 39 34 32 37 32 32 37 36 37 34 34 42 36 36 33 34 33 34 33 36 40 40 40 42 39 31 34 42 42 33 
38 33 41 38 38 40 40 34 39 38 40 39 36 39 40 40 44 39 38 41 42 39 38 41 41 42 43 47 47 47 43 45 47 44 38 42 38 39 40 40 44 41 42 39 39 36 36 38 32 29 30 35 32 32 29 29 29 31 28 24 29 24 26 23 24 29 23 22 22 16 18 17 17 17 19 21 16 10 12 21 20 20 24 21 17 13 15 17 24 16 16 21 18 9 16 15 23 20 13 15 19 21 14 20 18 17 22 22 
-10 -18 -15 -9 -16 -13 -15 -12 -16 -16 -16 -14 -14 -14 -11 -13 -15 -14 -19 -13 -17 -18 -16 -23 -17 -15 -14 -11 -13 -16 -17 -17 -17 -19 -17 -15 -15 -16 -13 -14 -7 -2 -3 0 4 0 0 -3 -3 3 -3 -4 -2 -2 -3 0 -4 -2 -16 -9 -14 -12 -16 -16 -18 -24 -23 -28 -28 -30 -31 -43 -47 -50 -53 -59 -64 -59 -64 -82 -79 -90 -90 -94 -107 -107 -108 -116 -123 -126 -132 -138 -145 -148 -153 -162 -164 -169 -179 -182 -185 -193 -204 -209 -209 -218 -218 -223 -224 -229 -229 -235 -239 -244 -244 -245 -250 -262 -258 -261 -260 -253 -260 -261 -263 -259 -266 -261 -255 -258 -262 -257 -254 -261 -269 -260 -260 -263 -260 -255 -253 -259 -250 -253 -248 -251 -258 -255 -252 -254 
-254 -252 -246 -247 -244 -249 -242 -242 -238 -240 -234 -232 -232 -223 -221 -217 -211 -207 -207 -204 -195 -189 -189 -184 -178 -172 -160 -148 -139 -141 -129 -127 -121 -109 -98 -93 -90 -88 -79 -76 -73 -75 -63 -59 -58 -57 -49 -45 -45 -41 -33 -35 -31 -28 -29 -23 -23 -31 -19 -19 -10 -12 -21 -21 -17 -12 -16 -15 -10 -15 -6 -16 -12 -11 -11 -12 -5 -12 -6 -5 -10 -2 -4 -7 -12 -10 -8 -11 -15 -9 -14 -9 -8 -10 -7 -10 -10 -7 -4 -12 -5 -10 0 -6 0 -4 -2 -10 -9 -9 -10 -10 -6 -5 -3 -8 -13 -13 -13 -16 -9 -11 -12 -9 -16 -13 -8 -17 -19 -20 -15 -15 -18 -17 -15 -17 -11 -15 -17 -19 -17 -16 -15 -21 -16 -18 
-14 -17 -15 -17 -10 -15 -16 -18 -15 -16 -13 -13 -14 -13 -15 -20 -11 -20 -19 -16 -14 -13 -18 -12 -17 -10 -6 -4 -1 2 11 11 11 9 14 17 21 23 22 20 23 23 20 13 15 16 11 10 7 -7 -9 -8 -18 -18 -31 -35 -46 -48 -59 -70 -72 -83 -94 -99 -105 -114 -118 -131 -135 -139 -143 -145 -158 -165 -163 -169 -179 -181 -175 -183 -184 -184 -185 -182 -179 -178 -175 -180 -177 -171 -164 -163 -168 -162 -156 -156 -150 -148 -150 -148 -150 -152 -147 -149 -154 -152 -151 -150 -152 -154 -154 -151 -157 -144 -150 -150 -152 -150 -145 -150 -144 -153 -159 -156 -156 -157 -148 -146 -155 -149 -152 -156 -148 -152 -143 -144 -145 -146 -151 -150 -153 -147 -147 
-148 -143 -150 -149 -145 -149 -144 -148 -150 -144 -144 -138 -138 -140 -136 -127 -120 -113 -108 -100 -94 -85 -73 -73 -61 -55 -42 -33 -25 -14 -12 -6 3 11 13 17 19 33 28 29 28 24 18 15 12 3 0 -10 -18 -24 -27 -35 -37 -36 -41 -48 -44 -45 -48 -45 -46 -36 -36 -38 -34 -31 -31 -31 -29 -25 -24 -22 -22 -22 -19 -18 -22 -17 -22 -21 -23 -21 -18 -23 -19 -14 -18 -18 -20 -22 -22 -20 -17 -22 -24 -17 -14 -14 -16 -16 -16 -18 -20 -17 -16 -12 -17 -14 -16 -13 -14 -18 
-17 -21 -16 -21 -20 -17 -14 -18 -15 -16 -18 -12 -15 -9 -8 -10 -10 -16 -16 -15 -15 -21 -21 -23 -25 -19 -21 -18 -21 -15 -17 -11 -16 -24 -20 -17 -17 -18 -21 -21 -25 -22 -23 -23 -20 -18 -20 -17 -10 -9 -14 -10 -14 -11 -11 -10 -12 -16 -14 -17 -14 -19 -25 -33 -30 -18 -23 -27 -24 -29 -33 -33 -26 -25 -26 -28 -34 -37 -36 -41 -49 -49 -49 -51 -51 -53 -53 -53 -53 -46 -48 -53 -53 -50 -55 -48 -53 -48 -46 -44 -50 -46 -51 -52 -44 -46 -46 -48 -42 -40 -42 -44 -44 -43 -39 -42 -39 -45 -39 -40 -48 -48 -42 -46 -46 -46 -41 -48 -42 -36 -44 -44 -41 -49 -50 -46 -46 -43 -42 -43 -45 -44 -45 -40 -44 -42 -45 -45 -40 -44 -42 
-47 -42 -44 -42 -42 -43 -36 -38 -40 -34 -36 -43 -46 -43 -41 -38 -41 -43 -42 -44 -46 -41 -43 -36 -40 -37 -45 -36 -43 -39 -33 -38 -40 -36 -35 -30 -26 -28 -23 -23 -20 -22 -16 -15 -18 -20 -14 -14 -15 -14 -12 -7 -10 -1 0 -5 -3 1 -1 -4 3 3 3 1 1 -1 3 0 9 8 8 8 10 2 6 6 3 5 7 5 2 6 4 7 4 3 5 5 2 8 2 7 6 -2 10 9 4 3 8 6 6 3 6 3 2 5 7 3 0 0 4 -1 -3 5 2 13 5 3 0 6 5 7 0 7 3 1 4 4 -1 1 1 -2 1 4 0 -1 -5 0 6 0 3 3 5 0 5 3 7 3 -3 -3 2 3 2 7 2 2 0 -3 -5 2 0 -2 -3 3 0 2 4 5 -3 2 4 6 3 1 3 1 3 3 5 1 3 5 3 4 
4 2 -4 0 0 2 10 1 3 2 1 3 2 3 5 6 4 4 0 0 5 7 6 6 4 2 6 7 9 6 3 0 2 4 4 3 0 0 3 9 1 1 3 5 11 6 2 1 3 0 5 6 5 4 7 7 9 12 15 11 5 8 7 13 9 14 8 10 12 14 19 14 17 25 27 21 22 22 20 25 16 21 26 20 29 25 28 22 25 21 23 23 26 23 26 25 28 24 26 26 20 17 25 22 23 24 15 19 26 23 21 20 16 26 24 23 23 24 24 18 25 23 22 22 20 17 
14 25 19 19 18 24 23 17 20 21 22 21 18 26 18 26 23 20 22 20 22 21 23 17 22 20 20 20 20 20 17 11 12 17 11 13 16 12 9 15 12 11 13 10 11 10 10 5 4 1 3 4 4 -1 3 5 1 2 7 7 7 6 6 5 5 1 -4 0 5 4 6 8 10 5 2 -1 5 3 3 5 5 4 -4 0 0 0 5 0 6 4 4 1 5 5 2 2 2 5 7 7 4 4 7 
9 8 0 2 2 7 1 4 9 11 11 10 12 9 9 10 18 19 14 14 14 19 19 10 10 10 7 4 4 3 0 -5 -8 -6 -8 -18 -18 -23 -26 -32 -32 -45 -49 -53 -58 -67 -72 -76 -81 -81 -90 -99 -105 -114 -119 -122 -127 -135 -142 -153 -160 -164 -168 -177 -180 -182 -203 -205 -210 -215 -214 -220 -224 -234 -234 -239 -246 -248 -249 -253 -264 -272 -276 -276 -275 -275 -277 -277 -277 -275 -280 -282 -286 -287 -284 -292 -291 -288 -288 -290 -292 -300 -290 -295 -289 -284 -289 -286 -289 -288 -292 -292 -289 -284 -284 -284 -285 -286 -284 
-283 -287 -285 -286 -277 -277 -280 -277 -279 -273 -264 -266 -263 -260 -251 -244 -231 -232 -229 -209 -202 -188 -178 -168 -159 -154 -142 -129 -120 -105 -96 -93 -83 -72 -66 -53 -45 -42 -32 -27 -18 -12 -3 -4 -5 -10 1 0 8 7 4 6 8 8 13 17 12 17 17 11 16 21 20 19 22 23 17 25 23 25 22 21 21 23 24 27 28 22 28 25 27 26 26 32 28 29 23 23 27 26 28 
3 6 10 4 4 5 6 -1 2 2 10 6 8 5 10 7 6 6 2 9 11 15 9 9 11 17 13 17 29 29 31 28 29 30 33 35 26 26 22 21 21 11 8 0 -4 -8 -15 -28 -35 -42 -39 -47 -55 -64 -75 -78 -80 -82 -90 -101 -108 -113 -110 -118 -120 -115 -117 -111 -114 -114 -108 -110 -107 -105 -108 -105 -105 -103 -101 -102 -107 -108 -108 -102 -104 -106 -106 -101 -109 -101 -105 -110 -103 -103 -103 -103 -104 -103 -95 -99 -105 -102 -99 -101 -97 -99 -96 -102 -99 -98 
-105 -107 -100 -98 -99 -101 -112 -113 -110 -101 -106 -106 -102 -98 -92 -83 -66 -66 -41 -34 -15 0 11 18 27 33 33 38 35 43 40 38 34 32 36 36 32 32 37 33 29 24 27 19 20 17 12 7 7 4 0 -4 -2 -10 -6 -8 -4 -9 -4 0 -5 -2 -2 0 2 0 -3 0 0 -2 -2 6 0 -1 4 9 3 3 5 6 1 1 -1 0 -1 4 4 6 2 1 -1 -3 2 -1 -1 0 1 -1 2 2 -2 -1 1 0 0 4 4 4 1 -1 0 3 7 2 4 1 1 5 
11 7 7 1 4 9 11 8 9 11 10 8 10 9 2 7 10 10 15 15 12 18 18 23 20 23 23 19 16 20 20 22 22 20 18 20 16 14 14 17 8 6 11 11 0 0 -2 -8 -12 -15 -18 -29 -31 -34 -41 -43 -57 -61 -68 -76 -83 -91 -96 -105 -113 -116 -129 -133 -140 -145 -156 -164 -165 -175 -184 -190 -204 -209 -208 -211 -218 -220 -228 -228 -224 -227 -236 -230 -230 -230 -230 -224 -224 -221 -221 -223 -220 -220 -220 -218 -217 -210 -216 -211 -208 
-222 -216 -210 -215 -215 -214 -211 -208 -210 -201 -198 -198 -198 -189 -183 -183 -173 -165 -161 -155 -142 -137 -133 -124 -125 -116 -108 -100 -97 -91 -85 -80 -71 -68 -54 -45 -47 -40 -34 -27 -26 -23 -14 -17 -9 -7 -9 -6 -5 -9 -12 -6 2 -5 2 0 0 3 -2 3 2 3 1 1 6 1 1 4 1 2 3 3 0 0 0 0 0 3 3 5 6 5 8 2 0 -3 5 2 2 1 9 4 9 -2 3 8 7 7 7 9 11 4 6 3 3 -1 2 4 4 8 2 8 7 0 0 2 10 4 4 4 4 4 1 0 2 4 0 3 4 6 3 1 6 -2 0 7 0 0 1 
6 7 3 7 8 2 -1 7 4 6 5 5 9 5 5 1 1 5 7 4 -1 -6 1 3 1 2 -1 1 0 -3 -5 -2 -7 -4 -5 -5 -11 -11 -8 -12 -12 -13 -15 -16 -25 -25 -23 -17 -19 -26 -31 -30 -32 -34 -37 -35 -40 -37 -37 -38 -41 -43 -45 -44 -41 -43 -47 -49 -51 -48 -48 -47 -54 -56 -56 -60 -57 -60 -58 -65 -62 -62 -61 -65 -57 -64 -66 -68 -69 -69 -66 -70 -67 -63 -68 -66 -68 -70 -65 -65 -70 -73 -68 -62 -59 -67 -67 -61 -63 -66 -61 -66 -66 -66 -69 -68 -65 -67 -67 -63 -68 -70 -62 -64 -64 -64 -69 -66 -65 -70 -61 -66 -71 -68 -68 -65 -67 -69 -66 -68 -66 -69 -69 
-71 -64 -63 -64 -66 -62 -67 -65 -64 -70 -67 -67 -60 -62 -62 -62 -62 -56 -58 -60 -62 -55 -57 -52 -52 -46 -47 -46 -46 -38 -38 -40 -42 -39 -41 -33 -27 -27 -23 -23 -29 -20 -20 -21 -20 -14 -16 -16 -16 -4 -7 -6 -6 -3 2 -6 5 6 7 7 7 2 6 10 7 8 8 7 11 7 11 13 10 12 13 13 15 15 23 19 19 18 19 13 15 15 20 20 18 20 23 20 20 20 15 18 19 16 17 14 17 15 15 17 20 21 19 16 17 19 16 19 16 10 12 21 18 12 12 18 17 14 15 14 23 20 20 18 20 17 13 14 14 11 5 13 17 14 18 14 21 17 17 14 19 16 
1 3 -3 4 0 -2 -3 -7 -2 -1 -1 6 8 -3 0 0 -2 0 -3 -1 1 5 12 0 9 11 16 16 12 9 14 18 23 21 18 19 24 22 18 19 21 23 12 16 27 21 23 24 16 21 30 31 33 32 27 32 36 30 29 37 34 34 34 34 34 32 32 32 32 34 35 37 37 41 35 32 24 30 32 37 33 35 29 33 33 36 37 39 34 31 34 32 37 36 41 35 33 36 26 35 40 33 34 36 37 34 39 32 30 30 32 37 36 33 38 38 34 31 34 31 30 30 34 33 35 35 35 35 39 36 40 37 32 33 31 32 34 36 40 36 37 37 37 32 29 32 
30 35 31 30 32 34 28 38 35 35 37 37 35 35 32 28 32 35 35 38 39 34 32 34 32 36 34 34 26 26 28 28 26 23 33 33 30 24 22 21 18 29 24 23 20 26 19 16 18 17 15 16 14 11 11 9 7 5 9 7 7 9 5 6 4 6 7 1 1 1 -4 -6 -4 -2 -3 3 -2 -1 1 1 -1 1 0 2 0 2 -2 0 2 -2 6 3 5 1 4 1 -1 0 2 0 -2 0 0 5 2 0 5 1 0 
-3 -8 -11 -2 -2 -5 -6 -5 -7 -8 -3 -2 -2 -2 0 -4 -6 -3 -5 -8 -2 -2 -4 -5 -5 -3 -5 -3 -4 -4 -4 -4 0 0 0 0 0 -2 0 -7 -7 -7 -8 -9 -11 -16 -18 -23 -20 -33 -35 -40 -51 -50 -63 -62 -70 -76 -80 -87 -92 -103 -108 -120 -125 -138 -143 -159 -172 -183 -191 -199 -201 -217 -229 -230 -247 -252 -257 -272 -283 -288 -293 -301 -308 -314 -327 -330 -336 -342 -347 -354 -362 -360 -365 -371 -368 -370 -375 -374 -373 -374 -368 -368 -368 -370 -373 -372 -368 -363 -366 -360 -362 -357 -354 -353 -350 -350 -345 -341 -339 -332 -329 -321 -326 -317 -308 -286 -270 -259 -250 -238 -224 -211 
-188 -172 -162 -151 -130 -125 -112 -98 -101 -86 -79 -69 -52 -47 -31 -31 -30 -24 -17 -14 -17 -17 -8 -8 -2 -3 1 1 -3 -3 3 -2 5 0 4 -1 4 0 -5 0 0 -2 0 -3 1 0 0 -7 -4 -9 -5 -4 -4 -9 -4 -6 -1 -2 -5 -7 -6 -3 0 -6 -6 -3 -6 0 -4 -3 0 -4 -1 0 0 -2 1 1 -1 -5 0 -3 -5 4 0 2 -6 -1 -9 1 
9 2 5 7 4 9 8 10 10 7 10 15 12 5 11 7 8 6 10 9 11 11 12 12 11 11 10 12 12 16 14 19 14 16 20 22 27 27 30 32 26 27 21 30 27 32 28 26 30 32 29 34 36 30 36 36 37 37 32 34 32 26 26 35 34 30 27 28 27 30 26 24 23 23 25 16 18 17 12 13 15 12 13 8 11 6 1 3 3 5 -3 -9 -11 -5 -12 -7 -9 -10 -12 -13 -10 -14 -15 -13 -14 -16 -13 -14 -13 -16 -11 -14 -10 -7 -13 -13 -18 -10 
-15 -11 -15 -12 -6 -6 -6 0 -2 -2 -2 -3 -3 0 -2 1 2 4 0 2 10 9 11 8 11 16 13 12 22 17 14 25 28 33 28 30 35 35 38 37 43 48 50 47 50 51 52 50 47 49 46 47 47 49 42 47 41 36 44 44 46 44 41 37 40 40 37 38 34 35 31 34 33 28 26 22 24 24 26 26 24 24 20 20 22 21 23 23 22 22 27 26 22 21 23 
1 3 0 1 -1 0 -2 1 1 3 -5 -6 -5 -2 0 1 -5 0 0 -2 -4 -4 -1 -1 -3 5 4 0 0 0 -1 -2 0 2 1 -3 -8 -3 -3 -3 -8 -5 -2 -7 -4 -9 -13 -15 -18 -18 -19 -26 -23 -26 -26 -28 -33 -26 -26 -31 -31 -39 -35 -40 -38 -43 -45 -47 -47 -49 -51 -55 -57 -57 -65 -70 -57 -65 -67 -73 -72 -74 -79 -82 -79 -79 -74 -77 -85 -81 -84 -88 -84 -81 -85 -86 -81 -78 -87 -84 -84 -88 -82 -86 -88 -85 -85 -87 -90 
-83 -86 -79 -79 -81 -83 -84 -81 -84 -84 -79 -80 -78 -86 -77 -84 -81 -81 -78 -81 -81 -78 -83 -79 -87 -72 -77 -74 -74 -68 -63 -63 -69 -63 -61 -65 -64 -58 -46 -54 -48 -42 -40 -38 -31 -28 -19 -16 -18 -19 -16 -14 -15 -5 -7 -14 -10 -7 -8 -10 -4 -3 0 0 -2 1 3 0 2 5 2 2 2 3 1 4 5 4 12 13 15 17 11 18 20 22 21 21 20 21 16 20 22 19 22 22 23 23 16 19 20 13 16 18 21 19 
13 8 11 11 12 11 10 12 12 12 10 10 12 14 20 17 22 24 24 23 25 27 30 31 38 29 27 31 30 26 24 17 14 12 0 -1 -12 -16 -30 -35 -46 -56 -70 -81 -96 -105 -108 -123 -130 -136 -141 -150 -165 -170 -168 -169 -171 -172 -163 -167 -168 -167 -166 -166 -167 -167 -167 -166 -164 -166 -163 -163 -165 -165 -170 -161 -165 -165 -159 -161 -162 -159 -164 -166 -168 
-167 -162 -157 -159 -159 -157 -161 -163 -165 -167 -163 -167 -164 -166 -161 -162 -158 -156 -154 -152 -149 -142 -133 -123 -115 -103 -78 -64 -37 -21 -16 -6 -3 5 6 13 24 30 33 35 39 39 36 32 28 25 25 24 15 13 11 8 -1 4 3 -1 -1 -2 -3 0 -3 -3 -5 -1 -1 0 2 0 0 0 -2 3 8 2 2 0 2 0 1 1 1 1 0 0 2 7 1 4 0 7 4 0 2 0 6 4 1 3 1 3 0 8 3 2 4 2 4 6 5 1 3 -3 0 2 7 3 4 9 -1 -1 3 0 1 3 2 4 0 2 
3 2 4 1 4 4 5 5 4 5 5 2 -1 1 3 4 9 0 -1 2 6 5 6 8 11 12 9 9 6 8 9 9 9 9 10 9 13 8 11 6 8 8 8 2 0 1 0 0 3 -3 -8 -8 -16 -19 -24 -32 -35 -46 -52 -55 -63 -65 -73 -88 -93 -98 -110 -109 -121 -128 -132 -137 -147 -154 -161 -166 -177 -191 -204 -203 -210 -226 -228 -228 -233 -235 -238 -240 -246 -248 -251 -252 -257 -257 -260 -259 -262 -270 -270 -268 -267 -269 -271 -269 -261 -267 -267 -267 -266 -268 -265 -264 
-271 -259 -263 -259 -259 -250 -249 -248 -248 -242 -247 -249 -241 -239 -240 -237 -234 -228 -227 -224 -217 -211 -206 -197 -183 -174 -171 -165 -157 -145 -134 -120 -115 -108 -107 -99 -90 -82 -76 -69 -65 -51 -45 -47 -43 -35 -28 -27 -21 -20 -10 -10 -14 -6 -2 -1 1 5 6 6 1 8 12 7 9 14 11 11 11 13 15 12 9 8 10 7 7 9 15 14 10 15 22 10 8 14 16 14 16 15 17 17 21 24 22 19 17 21 22 16 18 18 21 23 15 15 16 19 17 13 11 11 
13 15 19 16 13 18 18 15 17 13 13 10 17 13 16 14 21 16 21 18 25 22 19 21 23 25 28 28 29 34 44 36 31 32 28 22 25 23 20 14 3 -5 -12 -15 -21 -29 -40 -45 -59 -70 -81 -99 -107 -118 -120 -122 -132 -128 -128 -135 -141 -143 -145 -139 -139 -147 -140 -141 -138 -138 -135 -137 -135 -135 -129 -129 -135 -123 -128 -128 -126 
-126 -120 -121 -131 -128 -130 -131 -128 -130 -129 -126 -128 -126 -120 -119 -105 -96 -93 -77 -61 -45 -35 -23 -7 -1 10 16 24 24 27 30 33 38 38 40 37 34 31 24 15 12 6 6 5 2 0 5 2 7 4 3 3 8 7 2 6 6 5 3 11 8 10 5 6 4 9 4 6 6 3 9 6 8 8 13 13 13 9 9 5 5 8 8 14 3 9 7 
8 9 17 9 11 5 13 5 7 7 13 9 10 6 17 17 14 14 15 11 11 4 7 7 1 6 -3 1 -4 -4 -1 -6 -14 -8 -18 -18 -15 -18 -24 -24 -20 -25 -26 -33 -33 -38 -39 -38 -42 -45 -45 -59 -59 -50 -50 -52 -52 -52 -57 -56 -56 -67 -64 -58 -60 -58 -53 -64 -61 -65 -59 -59 -53 -58 -60 -57 -51 -60 -54 -56 -56 -58 -55 -59 -61 -59 -52 -54 -57 -58 -52 -59 -56 
-54 -47 -55 -46 -43 -52 -55 -54 -59 -55 -57 -59 -58 -51 -52 -47 -48 -45 -44 -35 -29 -29 -29 -23 -17 -15 -16 -8 -8 -5 0 -2 -1 4 6 6 6 5 5 0 2 10 7 10 5 11 12 13 15 19 19 21 14 23 23 18 21 24 18 22 17 20 22 27 23 25 25 22 23 20 20 20 18 26 23 17 19 16 22 26 20 22 17 19 
21 23 23 23 23 22 18 22 22 23 23 27 24 23 23 25 21 19 21 21 22 22 22 25 22 24 24 24 25 22 22 13 18 15 20 22 20 23 25 33 28 34 28 30 30 32 36 34 39 37 32 30 36 44 41 40 32 36 37 42 41 40 36 33 36 29 29 32 33 28 30 32 23 33 35 32 32 30 30 30 27 32 31 31 25 28 23 23 28 30 22 22 24 24 24 24 26 23 16 20 22 24 26 23 26 26 24 18 22 22 19 27 21 25 19 21 18 23 25 
24 28 26 22 25 25 25 26 28 23 24 24 23 23 21 23 21 29 26 28 29 29 26 34 31 28 35 35 38 42 39 44 42 42 41 41 42 39 37 45 43 42 41 43 37 39 37 31 36 36 33 38 29 26 30 23 26 31 27 25 31 25 21 24 29 20 22 18 15 15 21 11 18 15 17 16 17 19 18 17 14 19 19 17 18 11 19 19 16 13 13 10 13 21 19 19 10 16 17 18 12 17 18 15 15 
-9 -3 -6 -5 -5 4 -1 0 3 0 -5 2 -3 -1 -5 -3 2 0 -2 -1 -1 1 -8 -7 -4 -6 -10 -6 -12 -14 -11 -13 -10 -24 -26 -23 -30 -28 -30 -35 -46 -44 -47 -55 -57 -59 -67 -72 -77 -77 -89 -93 -98 -100 -109 -118 -123 -128 -133 -138 -142 -144 -155 -149 -160 -165 -166 -172 -178 -179 -184 -192 -197 -202 -216 -218 -220 -234 -232 -238 -243 -248 -244 -244 -252 -257 -262 -268 -272 -269 -268 -263 -271 -271 -276 -278 -274 -279 -275 -272 -268 -272 -275 -273 -271 -265 -269 
-271 -268 -264 -261 -256 -219 -202 -193 -195 -186 -179 -173 -167 -161 -153 -147 -141 -132 -126 -117 -111 -98 -96 -92 -90 -86 -79 -71 -64 -62 -59 -54 -44 -41 -39 -33 -24 -24 -24 -20 -16 -18 -16 -11 -13 -9 -9 -6 -6 0 -2 -2 -1 2 0 5 5 2 4 8 7 5 6 11 13 14 13 8 13 9 9 14 15 15 9 8 14 12 12 12 11 12 15 12 9 12 12 12 8 7 13 8 8 12 11 
9 11 16 16 10 12 13 16 14 14 18 19 28 31 36 39 36 36 28 33 33 16 19 16 16 10 -1 -16 -17 -26 -35 -49 -54 -69 -76 -89 -92 -98 -112 -123 -139 -146 -159 -159 -170 -177 -182 -190 -189 -186 -193 -192 -189 -186 -182 -176 -180 -175 -175 -174 -167 -166 -171 -163 -165 -163 -162 -159 -158 -155 -155 
-152 -151 -148 -149 -147 -148 -145 -138 -140 -129 -131 -124 -123 -116 -103 -86 -74 -69 -57 -48 -35 -21 -13 -2 2 8 19 18 26 37 41 42 46 41 38 42 39 27 27 23 18 3 0 -7 -7 -21 -26 -18 -26 -27 -27 -33 -33 -25 -21 -23 -24 -16 -15 -17 -12 -14 -11 -11 -13 -17 -13 -11 -12 -13 -18 -18 -9 -20 -14 -8 -17 -13 -15 -13 -7 -8 -15 -12 -11 
-11 -12 -9 -10 -11 -14 -12 -8 -10 -15 -9 -8 -5 -9 -9 -9 -11 -12 -10 -13 -6 -3 -6 1 6 -2 -2 5 5 7 0 0 5 9 6 6 8 10 13 12 18 20 23 19 21 18 15 12 13 7 6 7 -1 -3 -5 -13 -7 -11 -9 -8 -8 -12 -14 -21 -25 -23 -25 -21 -22 -29 -24 -27 -21 -29 -29 -28 -25 -25 -21 -23 -23 -18 -18 -21 -22 -22 -22 -19 -17 -18 -26 -24 -24 -21 -15 -12 -17 -19 -20 -22 -20 -18 -20 -16 -16 -16 -20 -18 -16 -17 -17 -17 -14 -16 -15 -20 -25 -12 
-15 -17 -17 -16 -20 -20 -21 -20 -18 -18 -20 -15 -17 -16 -20 -21 -19 -19 -21 -12 -18 -12 -17 -15 -6 -10 -6 -4 -10 -6 0 2 3 0 -8 -5 0 -1 -1 -2 -5 -10 -3 -5 -7 -1 -10 -6 -5 -7 -12 -11 -6 -3 -2 -3 0 8 8 10 14 16 22 22 24 18 19 20 22 27 28 25 27 25 19 20 24 26 25 21 19 14 14 19 19 19 
13 16 19 19 23 20 14 19 27 21 15 19 18 14 18 14 16 15 20 21 17 14 19 21 15 17 12 22 20 22 26 20 27 25 24 21 21 26 29 30 27 27 31 23 30 28 28 32 27 26 29 25 33 33 30 28 26 31 25 25 30 28 33 30 30 30 33 28 30 25 25 30 25 18 25 31 25 22 27 21 23 28 30 21 21 27 23 28 22 27 27 30 21 21 23 21 20 16 15 12 12 15 16 16 16 19 16 11 17 19 17 14 22 16 21 
18 13 15 22 21 18 15 20 25 21 30 29 24 20 23 25 22 19 31 22 22 23 17 21 25 22 25 27 22 20 33 29 28 29 24 21 24 29 27 28 28 21 25 27 25 29 26 30 21 23 26 26 21 23 12 18 21 21 16 16 19 11 11 15 12 16 15 6 11 3 10 10 10 4 10 10 11 7 6 8 8 8 8 
-4 -6 -7 -9 -8 -7 -9 -13 -14 -11 -9 -11 -9 -10 -12 -9 -13 -13 -19 -20 -22 -27 -32 -34 -36 -46 -54 -55 -60 -65 -77 -76 -82 -90 -102 -104 -109 -123 -128 -142 -145 -155 -163 -172 -185 -192 -202 -216 -230 -238 -249 -257 -258 -271 -275 -278 -282 -283 -289 -300 -302 -310 -312 -312 -319 -317 -322 -328 -328 -328 -338 -340 -337 -337 -342 -342 -339 -343 -344 -345 -345 -342 -344 -346 -344 -349 -343 -348 -342 -343 -340 -342 -342 
-345 -342 -342 -349 -346 -343 -343 -339 -339 -344 -339 -338 -342 -342 -340 -340 -340 -331 -327 -329 -328 -322 -326 -320 -328 -317 -320 -316 -307 -300 -298 -289 -284 -276 -268 -258 -256 -245 -242 -239 -226 -216 -210 -204 -192 -185 -182 -170 -163 -151 -147 -128 -125 -108 -99 -96 -84 -81 -78 -72 -69 -63 -60 -55 -49 -47 -45 -43 -40 -39 -33 -28 -30 -24 -18 -23 -21 -13 -18 -17 -17 -18 -18 -15 -10 -9 -10 -9 -9 -9 -9 -9 -10 -8 -11 -11 -8 -7 -9 -10 -9 -11 -9 -3 -4 -6 -7 -10 -9 -6 -7 -7 -5 -1 -5 -3 -5 -2 -9 -6 -6 -3 -2 -10 -10 -4 -5 -2 -6 
-7 -4 -4 -7 -5 -7 -7 -9 -9 -10 -10 -5 -7 -5 -7 -5 -2 4 11 16 18 17 22 24 26 27 25 25 20 14 6 0 -14 -24 -29 -41 -51 -65 -79 -95 -107 -120 -133 -147 -163 -168 -184 -192 -196 -200 -208 -206 -206 -209 -203 -202 -210 -201 -205 -202 -205 -202 -202 -196 -196 -193 -189 -184 -184 -186 -184 -181 -176 -172 -178 -176 -167 -173 -171 -170 -170 -170 -171 -169 -169 -172 -166 
-168 -170 -167 -159 -164 -161 -155 -154 -142 -130 -128 -116 -107 -98 -81 -59 -43 -32 -19 -13 0 4 13 26 26 30 26 17 14 4 2 -5 -10 -25 -30 -37 -44 -41 -35 -32 -37 -34 -28 -33 -29 -33 -31 -31 -28 -30 -27 -23 -27 -26 -28 -24 -24 -23 -23 -23 -25 -22 -24 -21 -20 -25 -25 -22 -20 -17 -21 -27 -21 -21 -20 -19 -20 -22 -26 -25 -22 -19 -13 -24 -20 -24 -19 -21 -13 -21 -21 -24 -26 -18 -20 -18 -16 
-11 -22 -16 -16 -14 -15 -12 -9 -15 -14 -12 -9 -17 -9 -13 -12 -15 -15 -17 -17 -20 -17 -11 -11 -15 -16 -16 -16 -13 -17 -16 -19 -16 -18 -18 -15 -12 -17 -19 -22 -17 -21 -23 -25 -19 -18 -22 -30 -32 -34 -36 -39 -37 -43 -48 -51 -56 -64 -66 -77 -80 -87 -97 -108 -117 -125 -130 -140 -154 -159 -172 -186 -186 -202 -210 -219 -221 -230 -244 -251 -262 -268 -281 -289 -296 -303 -308 -322 -323 -328 -338 -347 -349 -357 -368 -368 -370 -377 -374 -380 -384 -385 -385 -385 -385 -385 -390 -384 -384 -383 -385 -385 -382 -379 -373 -379 -383 -381 -382 -381 -382 -377 -381 
-372 -373 -375 -369 -374 -374 -377 -374 -366 -367 -365 -359 -360 -354 -346 -344 -335 -336 -322 -308 -301 -289 -285 -272 -256 -239 -230 -227 -208 -190 -182 -167 -160 -145 -133 -125 -110 -102 -90 -81 -66 -67 -61 -55 -52 -49 -46 -45 -38 -33 -30 -30 -31 -22 -17 -22 -17 -11 -11 -11 -15 -7 -7 -7 -5 -3 0 -2 -3 3 0 0 -6 -3 -6 2 1 1 -1 0 -1 -1 -1 0 0 0 
0 2 -2 -1 0 13 15 16 21 22 19 26 34 25 23 21 21 19 7 -2 -7 -20 -23 -32 -43 -53 -59 -66 -88 -99 -115 -129 -149 -157 -168 -174 -175 -174 -179 -183 -187 -182 -188 -189 -180 -187 -177 -180 -177 -179 -179 -181 -179 -179 -179 -178 -181 -180 -174 -176 -173 -167 -173 -171 -168 -173 -174 -166 -168 -171 -163 -166 -171 -168 
-169 -169 -166 -166 -166 -168 -164 -164 -167 -163 -171 -162 -159 -151 -150 -140 -118 -103 -77 -71 -51 -27 -12 2 8 20 28 28 31 28 32 20 17 14 10 5 0 -2 -10 -12 -14 -21 -23 -27 -27 -34 -37 -37 -37 -31 -36 -36 -33 -35 -25 -23 -20 -31 -23 -25 -27 -18 -23 -20 -19 -16 -14 -17 -17 -16 -16 -19 -14 -16 -17 -17 -18 -15 -12 -12 -15 -17 -14 -14 -16 -16 -14 -14 -11 -11 -16 -17 -15 -16 -16 -12 -16 -12 -15 
-12 -14 -12 -13 -9 -8 -9 -16 -9 -9 -16 -10 -15 -9 -15 -9 -6 -6 -8 -12 -14 -13 -14 -11 -11 -13 -11 -16 -16 -11 -11 -11 -7 -12 -11 -13 -10 -10 -14 -10 -13 -5 -2 -5 -3 -5 -2 0 -2 -1 4 -4 4 3 0 2 3 7 4 3 5 5 5 7 10 5 0 8 5 11 6 10 10 8 5 15 11 7 13 6 8 7 13 16 10 9 9 12 14 11 6 7 7 7 12 13 14 13 15 
16 13 7 8 6 8 9 7 15 11 13 14 14 15 9 1 12 7 9 6 0 6 5 3 12 13 8 9 11 7 7 10 10 1 3 1 1 0 -6 -4 -1 -3 -8 -1 -10 -13 -18 -13 -13 -20 -10 -7 -12 -12 -10 -15 -8 -4 -8 -8 -6 -3 -2 -6 -7 -1 -4 -4 -6 -6 -2 -5 -5 -4 -1 -3 -11 0 -4 
-5 -7 -9 -9 -6 -5 -7 -4 -4 -4 -4 -8 -4 -4 3 0 -7 -8 -5 -2 0 1 1 0 -1 2 -1 -1 2 -1 -3 1 1 2 -1 -4 -6 -6 -8 -8 -2 -6 -6 0 -11 -11 -5 -8 -2 -6 -11 -11 -11 -7 -12 -11 -8 -10 -7 -12 -12 -12 -17 -8 -5 -6 -1 -1 -1 1 1 6 8 10 8 8 9 12 16 16 16 19 18 17 14 21 25 28 22 23 25 23 28 23 26 28 25 34 34 27 24 29 30 35 32 31 33 29 29 25 25 24 26 25 20 22 22 14 20 20 24 30 30 
26 29 26 20 17 25 27 27 27 24 28 24 30 29 30 26 30 24 33 31 31 29 23 25 22 16 18 18 16 10 15 6 12 14 9 4 6 8 6 -1 1 0 -8 -2 -4 -9 -9 -9 -9 -8 -6 -7 -15 -9 -10 -12 -14 -13 -11 -5 -10 -12 -10 -11 -14 -16 -15 -17 -17 -16 -17 -19 -18 -17 -11 -14 -13 -11 -14 -14 -10 -15 -15 -17 -17 -12 
-18 -22 -22 -23 -20 -22 -27 -25 -27 -25 -22 -22 -16 -14 -18 -21 -14 -13 -18 -11 -13 -13 -13 -7 -11 -10 -16 -15 -10 -7 -9 -2 -13 -15 -9 -6 -3 -5 -11 -5 -7 -13 -8 0 -1 -12 -13 -9 -12 -8 -5 -5 -2 -1 -4 -11 -7 -4 -4 1 -4 -4 -2 0 -4 -4 3 2 -3 -8 -5 -2 -7 -7 -6 -4 -5 0 -3 -10 -6 
-8 -8 -2 -10 -4 -6 -4 -7 -6 -9 -1 -13 -11 -8 -8 -8 -9 -9 -9 -17 -11 -13 -15 -17 -20 -18 -16 -16 -17 -17 -22 -22 -24 -21 -23 -24 -24 -33 -27 -24 -26 -23 -26 -25 -22 -15 -22 -27 -20 -19 -18 -20 -21 -20 -22 -19 -16 -18 -20 -13 -15 -12 -15 -15 -15 -12 -17 -13 -10 -10 -9 -13 -15 -12 -6 -11 -19 -18 -17 -17 -17 -16 -21 -16 -10 -15 -15 -15 
-16 -10 -6 -16 -16 -16 -16 -16 -13 -5 -13 -13 -12 -11 -11 -16 -18 -10 -5 -9 -14 -11 -8 -5 -2 -6 -11 -6 -9 -10 -10 -4 -12 -11 -10 -12 -14 -7 -5 -14 -14 -7 -15 -12 -11 -8 -13 -12 -11 -2 -4 -8 -7 -3 0 0 1 3 1 -1 2 1 3 3 6 6 0 6 5 3 4 5 5 -1 -3 -1 -6 -2 -4 -3 -8 -7 -7 -1 -3 -2 0 -5 -10 -7 -7 -7 -9 -4 -6 -4 -3 -4 0 0 -9 -3 -6 -6 -10 -8 -7 -3 -1 -1 -2 -4 -1 -9 -3 -3 -6 -3 0 1 -10 -9 -9 -9 -5 -7 -7 -15 -14 -17 -20 -15 -14 -17 -17 
-16 -16 -10 -15 -16 -13 -10 -12 -8 -6 -8 -8 -10 -4 -4 -4 -8 -11 -8 -11 -11 -12 -17 -8 -2 -10 -15 -20 -20 -20 -27 -22 -22 -27 -26 -25 -25 -25 -30 -30 -27 -29 -25 -25 -25 -30 -29 -26 -22 -23 -25 -27 -26 -26 -28 -27 -21 -19 -19 -23 -18 -21 -23 -19 -24 -22 -21 -22 -19 -23 -20 -17 -17 -21 -19 -18 -20 -17 -19 -20 -23 -18 -20 -22 -21 -17 -22 -14 -22 -20 -19 -16 -17 -17 
17 19 19 16 20 20 13 18 18 20 27 18 23 17 14 18 16 16 20 14 15 15 15 11 8 7 0 -2 -10 -12 -17 -25 -29 -32 -33 -47 -49 -56 -64 -71 -73 -87 -89 -103 -111 -112 -128 -135 -146 -154 -170 -175 -191 -200 -210 -216 -226 -240 -245 -256 -262 -268 -278 -282 -289 -291 -304 -313 -313 -320 -328 -333 -341 -341 -346 -351 -357 -357 -357 -359 -367 -369 -382 -380 -382 -388 -393 -394 -398 -402 -409 -415 -412 -415 -412 -420 -417 -419 -428 -424 -428 -429 -432 -431 -434 -433 -435 -429 -435 -433 -431 -435 -433 -430 -425 -433 -427 -424 -429 -423 
-421 -423 -424 -429 -428 -425 -421 -424 -421 -424 -424 -424 -422 -419 -412 -412 -403 -410 -407 -408 -395 -397 -391 -383 -384 -373 -372 -368 -365 -359 -352 -342 -336 -323 -319 -312 -300 -293 -284 -277 -260 -250 -244 -236 -226 -214 -207 -202 -190 -176 -176 -161 -153 -150 -142 -129 -123 -117 -107 -97 -94 -91 -79 -77 -73 -66 -60 -54 -52 -48 -39 -36 -28 -26 -19 -12 -10 -10 -7 -7 -1 -8 -3 -7 -9 -3 -4 -9 -6 -4 -3 -9 -4 -6 -3 -7 -9 -9 -2 -7 0 -6 0 -4 -7 -3 -5 
22 26 23 20 25 19 17 19 20 19 21 19 20 22 22 16 18 19 14 19 20 19 20 17 22 22 24 24 23 17 19 21 15 13 13 16 15 14 14 16 15 13 14 11 11 5 -3 -5 -9 -11 -18 -23 -37 -39 -47 -58 -61 -74 -77 -89 -93 -95 -108 -118 -124 -135 -150 -162 -175 -179 -188 -199 -213 -218 -220 -226 -242 -244 -257 -254 -259 -259 -263 -269 -271 -279 -282 -290 -289 -291 -296 -293 -297 -295 -295 -292 -294 -294 -297 -302 -304 -300 -300 -294 -296 -294 -296 -298 -295 -294 -294 -299 -294 -293 
-298 -299 -295 -295 -297 -293 -296 -292 -294 -293 -287 -295 -293 -293 -290 -294 -288 -282 -281 -279 -279 -266 -262 -260 -254 -251 -243 -240 -231 -225 -213 -198 -187 -185 -179 -172 -163 -156 -147 -137 -130 -119 -108 -102 -101 -89 -84 -75 -72 -58 -49 -40 -45 -31 -30 -27 -21 -15 -12 -4 -4 -2 1 1 7 4 4 8 10 10 9 13 17 17 16 20 18 19 24 18 19 18 21 20 20 17 13 15 17 14 16 8 12 13 15 9 13 14 14 
19 21 20 11 14 12 13 12 11 10 10 10 7 9 14 16 14 22 25 24 29 26 26 23 4 -7 -21 -28 -43 -56 -70 -95 -107 -120 -142 -153 -175 -194 -208 -220 -228 -237 -241 -245 -242 -249 -243 -241 -237 -232 -231 -230 -230 -225 -226 -226 -224 -217 -217 -215 -217 -215 -209 -205 -202 -199 -200 -202 -199 -193 -193 -195 -197 -193 -193 -193 
-195 -195 -189 -191 -187 -191 -188 -189 -180 -187 -185 -187 -184 -185 -186 -174 -168 -158 -129 -103 -77 -45 -19 7 21 28 29 24 19 7 6 1 -5 -14 -19 -26 -31 -37 -32 -32 -38 -36 -43 -47 -44 -41 -41 -39 -42 -39 -41 -38 -42 -39 -33 -39 -36 -35 -35 -29 -33 -33 -34 -29 -34 -37 -32 -31 -41 -38 -34 -31 -31 -28 -33 -33 -31 -33 -31 -25 -26 -30 
-30 -31 -26 -24 -24 -32 -26 -27 -32 -31 -31 -29 -27 -25 -25 -25 -30 -27 -26 -30 -27 -21 -21 -26 -25 -28 -26 -31 -32 -37 -43 -44 -48 -50 -50 -44 -46 -46 -48 -45 -47 -46 -43 -38 -32 -34 -29 -27 -30 -21 -26 -25 -15 -20 -18 -23 -21 -23 -18 -8 -10 -12 -12 -16 -16 -12 -15 -15 -18 -14 -11 -12 -13 -11 -5 -7 -8 -5 -5 -2 -7 -6 -3 0 -7 -9 -4 -10 0 -4 -1 -4 -4 -10 
-6 -3 -5 -6 -7 -6 -6 -1 -6 -2 -4 -6 -7 -4 -6 -8 -10 -6 -3 -3 -9 -3 -6 -8 -2 -1 -6 -8 -8 -7 -8 -8 -2 -10 -10 -9 -12 -9 -6 -3 1 -4 0 2 -2 -2 -7 -4 -5 -4 -8 -1 -3 -11 -12 -4 -4 0 -2 -3 -5 6 3 3 5 19 23 20 22 24 24 26 20 20 22 27 21 23 22 19 18 25 22 21 21 24 26 23 17 28 19 13 23 23 
22 21 21 18 19 25 17 25 25 16 18 19 21 22 24 23 17 19 20 17 15 9 14 13 6 11 19 17 16 13 12 12 14 17 20 18 21 18 21 17 19 14 20 18 23 22 12 20 22 23 22 23 24 24 27 22 22 24 23 25 29 34 36 36 33 27 24 19 20 16 13 18 19 15 16 9 11 5 5 5 4 2 8 8 13 11 12 10 6 1 8 7 5 10 1 4 1 3 -1 0 -10 -4 0 -5 -7 -15 -14 -12 -7 -13 -13 -13 -12 -9 
-13 -17 -17 -18 -17 -16 -14 -9 -5 -4 -9 -2 -10 -7 -3 -2 -4 1 1 -3 -8 -5 -7 1 1 2 0 2 -2 0 3 -8 -8 -10 -14 -5 -2 0 8 11 22 27 28 24 24 18 23 25 17 20 14 15 15 17 16 18 15 15 9 12 6 11 10 16 14 14 17 8 13 13 8 5 8 10 5 6 5 5 6 2 4 3 6 1 5 7 9 10 10 16 9 14 14 8 10 13 12 15 12 16 10 18 17 20 22 28 20 20 23 20 20 27 23 19 16 18 19 21 28 25 23 17 20 
4 9 9 12 3 5 5 4 6 10 10 11 9 8 8 9 0 8 5 5 7 10 15 13 11 13 10 4 9 7 9 2 5 6 6 4 0 0 -13 -13 -14 -13 -20 -30 -35 -37 -52 -57 -68 -75 -84 -98 -105 -113 -120 -127 -142 -149 -153 -167 -167 -178 -186 -191 -200 -206 -211 -219 -227 -232 -236 -244 -251 -253 -261 -263 -269 -275 -284 -289 -291 -299 -296 -307 -311 -308 -316 -313 -316 -321 -321 -318 -314 -313 -318 -320 -321 -318 -312 -312 -308 -304 -300 -303 -297 -302 
-299 -299 -297 -297 -296 -292 -292 -289 -288 -289 -283 -286 -285 -276 -273 -261 -260 -258 -260 -257 -240 -229 -223 -214 -209 -201 -191 -188 -179 -170 -161 -158 -150 -139 -139 -129 -117 -117 -105 -99 -89 -81 -72 -55 -53 -48 -45 -39 -35 -26 -21 -21 -17 -10 -4 -3 -2 2 -3 0 0 5 7 4 8 10 8 9 6 3 7 11 9 10 11 15 6 10 12 9 6 13 14 12 12 15 17 12 11 13 7 
11 11 15 13 12 12 16 9 11 8 10 14 12 13 19 24 23 29 31 35 37 39 29 29 25 20 17 22 22 0 -16 -27 -35 -40 -52 -57 -67 -78 -84 -96 -98 -106 -114 -132 -133 -141 -146 -146 -145 -145 -139 -133 -130 -128 -128 -124 -129 -137 -133 -134 -133 -135 -133 -128 -124 -129 -121 -123 
-115 -119 -114 -118 -112 -110 -114 -105 -102 -93 -87 -76 -69 -55 -44 -32 -26 -13 -7 5 17 22 19 32 33 31 36 35 37 29 32 29 28 24 21 18 17 11 5 5 5 3 6 2 1 5 9 1 1 6 3 5 4 4 5 7 11 13 11 7 10 12 7 4 5 12 15 10 10 15 17 13 14 14 11 10 16 16 17 14 12 14 15 
8 11 16 14 14 16 13 10 10 12 9 11 10 17 15 10 16 13 11 17 10 8 5 2 8 7 5 3 -2 0 2 -4 -4 -6 -5 -10 -10 -13 -10 -18 -20 -22 -23 -24 -27 -28 -28 -27 -30 -38 -35 -39 -33 -38 -38 -36 -38 -40 -49 -54 -48 -50 -47 -53 -52 -51 -53 -47 -47 -55 -52 -49 -51 -50 -50 -52 -44 -49 -45 -39 -43 -45 -49 -46 -44 -44 -47 -49 
-46 -49 -42 -36 -39 -41 -47 -44 -45 -47 -46 -44 -46 -46 -46 -41 -40 -34 -33 -30 -30 -30 -23 -24 -20 -23 -20 -17 -17 -16 -6 0 -8 -2 3 -1 0 3 5 4 4 3 5 16 15 12 10 13 17 17 18 8 6 11 8 13 15 20 20 19 19 24 21 23 24 23 21 22 18 20 25 22 26 24 21 20 20 18 16 25 19 24 20 14 16 14 19 21 24 24 26 23 25 22 25 23 24 26 25 22 24 19 22 16 21 18 21 23 
29 29 28 19 21 19 24 28 28 21 18 25 36 29 26 23 28 27 32 36 36 33 28 29 29 34 32 33 32 36 32 32 37 37 36 40 41 40 36 36 35 34 39 40 40 35 33 36 30 23 25 30 30 22 22 21 10 16 17 9 11 12 15 16 18 17 19 17 19 21 15 14 13 20 22 26 19 21 21 24 18 21 13 9 9 14 16 9 9 11 8 10 9 10 10 4 6 10 11 11 6 4 1 3 2 2 8 7 1 5 0 5 2 7 2 9 6 4 6 3 7 7 0 2 10 7 6 0 8 2 
4 6 8 5 6 3 5 2 4 1 1 2 2 -1 3 6 3 5 1 -1 -2 0 0 0 0 0 3 5 3 2 -2 -4 -1 1 -1 -2 7 4 1 7 12 10 6 10 15 9 13 7 10 15 17 17 14 22 16 10 8 16 13 13 13 12 7 10 8 8 14 14 13 8 3 13 15 14 8 10 9 11 12 8 15 15 17 11 5 11 11 11 13 11 10 12 14 19 
10 14 14 13 13 11 14 12 14 19 14 14 13 16 10 20 8 6 0 5 1 5 11 7 10 10 12 14 13 11 5 8 2 0 2 0 -1 -15 -20 -25 -28 -40 -51 -65 -74 -85 -102 -113 -127 -135 -146 -159 -168 -177 -187 -198 -200 -201 -216 -219 -230 -244 -255 -265 -268 -280 -290 -299 -302 -308 -313 -314 -320 -324 -331 -336 -331 -342 -344 -336 -341 -341 -345 -348 -353 -352 -346 -347 -346 -346 -349 -346 -343 -342 -349 -348 
-341 -347 -341 -343 -342 -340 -342 -347 -341 -340 -339 -335 -341 -329 -331 -328 -325 -326 -320 -310 -304 -299 -292 -276 -267 -260 -248 -242 -222 -205 -188 -180 -174 -159 -144 -134 -128 -116 -101 -94 -79 -79 -69 -60 -48 -44 -38 -29 -22 -16 -7 -3 -3 0 0 2 2 4 5 1 3 3 6 8 11 5 5 9 10 10 9 4 11 16 13 10 15 8 13 10 14 11 5 6 19 13 15 8 2 7 7 7 14 11 13 8 5 7 0 5 3 11 11 6 0 
5 9 9 7 14 14 19 22 20 22 29 27 34 32 40 39 30 24 32 32 26 23 17 9 -2 -3 -19 -21 -30 -33 -43 -54 -57 -70 -78 -86 -94 -99 -106 -114 -122 -131 -136 -137 -145 -143 -144 -148 -155 -146 -147 -144 -145 -142 -146 -137 -141 -139 -139 -137 -141 -136 -132 -134 -134 -131 -131 -133 -127 -129 -127 -125 -127 
-129 -127 -122 -127 -123 -126 -124 -124 -118 -120 -117 -124 -125 -122 -119 -112 -114 -106 -92 -92 -85 -68 -67 -49 -37 -27 -19 -7 -1 13 15 22 24 33 38 33 42 48 42 41 41 38 35 30 28 21 19 16 13 16 13 10 4 5 7 8 1 4 -2 -5 -7 -10 -4 -1 -4 0 4 0 -2 0 0 0 2 3 1 6 0 0 5 5 3 5 5 5 6 3 1 8 3 3 12 14 6 12 8 13 9 11 7 12 11 7 2 
8 10 7 16 5 12 12 8 14 8 10 8 8 8 6 17 10 13 15 12 16 16 18 16 16 12 14 10 10 12 0 -2 1 1 -3 -7 -7 -11 -9 -11 -13 -15 -26 -22 -19 -14 -17 -17 -22 -33 -30 -35 -28 -31 -37 -37 -40 -42 -42 -41 -37 -41 -37 -42 -44 -52 -51 -50 -50 -50 -52 -54 -51 -51 -54 -59 -61 -60 -62 -56 -60 -51 -52 -54 -54 -45 -52 -51 -58 -52 -48 -49 -47 -47 -54 -54 -50 -56 -48 -48 -45 -52 -55 -52 -51 -51 -50 -51 -46 -46 -43 -52 -52 -52 -52 -54 
-50 -43 -45 -47 -47 -48 -49 -50 -47 -49 -52 -46 -51 -54 -45 -48 -42 -49 -48 -40 -40 -36 -38 -40 -33 -25 -27 -21 -25 -26 -24 -23 -15 -13 -7 -4 -6 -4 -4 0 -2 -1 6 -2 -1 0 5 7 14 5 7 5 2 -3 0 -3 0 4 6 5 6 10 12 12 4 9 9 9 6 2 8 10 7 5 8 8 10 12 14 16 14 19 
13 13 16 14 20 14 13 15 18 15 20 20 23 23 18 22 25 19 19 18 20 31 25 24 30 25 23 23 23 21 18 25 25 18 26 29 32 30 32 28 33 30 29 30 35 38 34 35 35 37 36 37 34 29 29 34 25 27 24 21 20 16 12 11 0 -1 -6 -7 -12 -21 -18 -9 -17 -8 2 2 7 7 13 10 13 17 11 11 10 7 9 10 12 14 11 8 9 14 11 6 9 11 12 9 13 7 0 -1 4 3 10 7 9 6 6 9 7 14 11 9 10 6 9 8 8 8 15 13 4 
7 6 3 1 3 11 10 7 9 6 1 6 6 3 0 7 7 4 12 4 8 9 8 0 0 -1 -11 -11 -14 -22 -24 -19 -21 -10 -7 1 11 16 18 24 23 21 19 22 24 26 23 25 27 28 24 20 22 23 29 30 28 24 32 32 26 23 25 28 24 24 18 25 19 19 24 21 17 22 19 24 21 26 25 19 20 17 22 21 21 21 18 18 17 28 22 19 14 20 13 18 
2 2 2 0 -1 -8 3 3 -1 5 0 0 -2 3 2 0 -1 4 6 2 -4 0 0 1 8 4 8 2 0 9 2 0 1 8 4 1 2 6 6 6 5 10 8 8 7 11 11 6 11 16 20 19 24 21 17 25 22 22 22 19 20 20 27 26 26 21 19 19 18 21 21 18 19 17 17 11 12 9 6 11 9 8 5 1 1 2 2 2 3 3 -2 6 0 0 0 8 2 0 1 3 5 -2 8 4 5 0 -2 -8 -3 0 -1 0 0 -2 -5 0 -6 
-1 1 -4 -6 2 0 -4 -5 0 -4 -1 3 3 -2 0 6 3 3 3 8 12 11 8 7 7 9 11 9 6 12 10 12 12 19 13 13 15 17 17 11 7 8 5 10 10 7 7 9 6 9 0 3 0 8 8 2 6 8 0 0 3 8 0 6 4 1 5 0 2 -4 2 0 -5 -7 0 3 0 0 2 -4 -8 -5 3 3 0 0 -2 -4 -8 0 0 -4 0 -1 -1 
-2 0 -5 -5 -10 -6 -8 -4 -2 -6 -3 -10 -4 -2 -1 -1 -2 -3 -2 -2 -2 4 0 3 1 1 3 3 1 9 2 2 7 9 7 7 6 11 9 13 12 8 9 12 10 7 8 10 11 11 14 4 6 6 7 9 6 2 10 11 2 4 -1 -2 -4 -2 0 -5 0 5 0 -11 -10 -7 -10 -12 -12 -17 -11 -12 -5 -5 -6 -8 -4 0 -2 0 0 -2 -2 -3 0 -1 -3 -7 -9 -9 -13 -3 -6 -6 
-2 -4 -1 0 -2 -3 -8 1 -1 1 -2 1 0 0 -4 -1 -2 -3 -5 -2 -4 -1 -7 -1 -6 -5 -6 -3 4 6 0 2 3 1 8 13 13 13 6 11 11 12 12 11 12 15 10 9 14 13 7 12 12 13 17 15 8 10 10 7 13 7 8 0 7 8 13 4 10 7 6 0 1 1 5 2 1 1 1 -1 1 2 1 0 -2 -2 0 -2 2 2 0 -5 -4 0 0 -1 0 -5 -1 -3 -1 1 0 5 1 -7 -5 -1 0 -2 1 0 
-5 0 0 -1 -2 1 -3 0 -2 -2 -1 -5 -5 0 0 -2 -4 0 -4 1 -5 -4 -1 0 -2 1 1 -1 6 -1 1 0 1 1 6 3 4 6 11 13 12 6 6 5 4 7 9 9 6 2 7 1 0 0 5 3 0 2 -5 -5 -8 -13 -13 -10 -10 -11 -15 -8 -14 -24 -28 -27 -27 -29 -26 -26 -26 -25 -19 -21 -23 -20 -17 -21 -18 -15 -11 -19 -23 -20 -17 -19 -16 -19 -19 -20 -19 -16 -21 -22 -23 -24 -23 -19 -23 
-20 -18 -22 -22 -25 -19 -17 -21 -17 -21 -21 -26 -19 -19 -16 -18 -23 -23 -18 -15 -24 -18 -15 -17 -19 -19 -15 -6 -11 -10 -7 -3 1 1 -1 1 3 2 8 13 7 8 11 8 13 15 16 16 13 21 15 18 18 20 17 20 21 24 20 18 14 19 19 17 17 17 17 21 15 15 19 14 13 14 14 19 18 12 15 12 20 17 15 12 16 11 8 12 6 13 9 10 10 12 9 7 11 11 8 8 9 6 6 4 -1 7 8 9 9 9 5 4 12 4 5 11 8 5 12 10 6 5 6 9 11 11 9 3 6 2 6 8 3 0 2 3 5 2 10 1 3 
4 2 5 10 11 6 5 5 8 8 7 5 7 11 7 8 6 10 6 11 13 4 11 5 4 9 11 6 3 5 10 9 11 11 12 9 14 9 13 10 9 11 11 16 12 11 7 4 11 10 19 20 9 4 4 6 8 4 2 0 2 2 0 4 1 3 -1 1 0 -7 -6 -9 -14 -12 -12 -13 -16 -19 -21 -21 -26 -22 -19 -21 -18 -18 -22 -22 -16 -20 -20 -13 -12 -12 -17 -18 -26 -19 -20 -22 -14 -20 -17 -20 -18 -17 -16 -15 -14 
-13 -21 -24 -24 -19 -22 -23 -25 -25 -16 -24 -26 -26 -25 -18 -21 -17 -24 -24 -18 -16 -18 -20 -14 -17 -14 -11 -17 -14 -10 -12 -12 -10 -7 -4 -1 7 -1 0 5 5 2 3 8 7 5 7 4 3 6 3 7 1 8 7 9 11 11 9 3 6 14 8 11 12 7 10 7 7 8 11 12 12 5 7 9 14 9 6 6 8 10 10 12 6 6 10 6 6 5 2 6 10 6 2 10 8 3 5 7 6 6 9 10 7 9 
-27 -20 -22 -24 -26 -26 -24 -27 -30 -25 -23 -25 -32 -32 -26 -28 -28 -28 -30 -25 -29 -26 -23 -26 -25 -31 -31 -32 -35 -37 -48 -54 -55 -56 -53 -69 -77 -88 -100 -122 -133 -149 -156 -170 -186 -201 -207 -224 -242 -249 -251 -258 -268 -278 -283 -283 -292 -287 -297 -293 -302 -302 -299 -301 -298 -303 -305 -305 -310 -311 -311 -303 -309 -313 -311 -305 -301 -303 -300 -306 -307 -301 -306 -304 -300 -294 -296 -301 -303 -309 -307 -308 -308 
-308 -305 -305 -307 -308 -313 -313 -316 -312 -312 -314 -315 -304 -312 -311 -308 -310 -310 -311 -308 -309 -301 -303 -303 -303 -286 -278 -272 -267 -256 -245 -227 -218 -202 -176 -161 -147 -129 -106 -91 -75 -59 -47 -35 -30 -24 -25 -21 -18 -15 -9 -16 -14 -14 -14 -11 -14 -16 -24 -26 -26 -25 -33 -27 -24 -29 -29 -34 -28 -33 -28 -34 
-29 -37 -37 -31 -31 -26 -27 -35 -33 -30 -31 -32 -29 -28 -28 -31 -31 -31 -30 -30 -34 -37 -38 -48 -50 -52 -62 -72 -79 -90 -98 -109 -136 -152 -168 -185 -194 -211 -230 -244 -250 -255 -269 -276 -290 -299 -310 -319 -327 -335 -340 -342 -347 -351 -356 -352 -357 -352 -352 -351 -350 -350 -352 -348 -348 -351 -345 -345 -341 -344 
-343 -338 -341 -345 -335 -332 -339 -339 -330 -334 -330 -339 -334 -334 -341 -341 -337 -339 -334 -336 -329 -332 -331 -320 -320 -311 -308 -305 -299 -288 -287 -272 -261 -247 -234 -232 -212 -198 -181 -168 -143 -106 -89 -80 -67 -50 -47 -40 -34 -31 -28 -25 -27 -17 -18 -17 -14 -12 -15 -11 -14 
-12 -14 -13 -10 -7 -5 -12 -9 -9 -11 -7 -6 -4 -6 -3 -5 -10 -7 -4 -1 -3 0 0 0 4 -1 -4 -1 -2 0 2 -3 -6 -4 -9 -9 -12 -20 -21 -21 -26 -34 -40 -42 -50 -55 -60 -74 -79 -81 -100 -102 -117 -119 -130 -133 -146 -158 -165 -162 -172 -175 -180 -181 -175 -173 -167 -165 -167 -175 -175 -175 -179 -185 -185 -186 -193 -198 -212 -212 -214 -219 -213 -212 -212 -223 -237 -234 -231 -236 -234 -231 -236 -238 -233 -233 -233 -230 -227 -237 -229 -233 -234 -226 -231 -233 -229 -228 
-230 -232 -230 -228 -228 -226 -231 -231 -230 -230 -230 -226 -226 -224 -226 -227 -224 -223 -219 -219 -216 -209 -211 -205 -193 -195 -187 -182 -160 -151 -152 -143 -135 -126 -114 -106 -100 -94 -87 -83 -73 -64 -58 -52 -49 -41 -29 -32 -28 -21 -19 -17 -17 -8 0 -5 -1 -6 2 2 4 9 11 6 8 19 12 7 12 16 17 13 9 8 7 8 11 4 5 4 3 1 3 1 0 3 4 2 7 1 6 6 5 9 6 5 12 9 10 6 7 8 10 
8 6 8 11 5 9 10 7 4 11 9 14 11 20 15 18 28 27 29 37 33 33 31 38 29 26 20 16 13 6 0 -8 -6 -17 -24 -30 -45 -59 -73 -84 -95 -105 -126 -142 -161 -168 -172 -171 -175 -181 -178 -173 -170 -170 -170 -167 -166 -168 -162 -164 -162 -159 -159 -161 -161 -163 -163 -163 -160 -156 -158 -158 -155 -155 -153 -160 -154 -153 -147 -154 -149 -151 -148 -149 -144 -146 -156 -154 -156 -146 -148 -150 -146 -155 -147 -152 -149 
-150 -152 -150 -149 -148 -148 -146 -143 -148 -141 -130 -124 -113 -106 -103 -104 -90 -81 -63 -48 -38 -32 -26 -12 3 16 18 25 24 30 40 40 36 38 37 28 33 29 25 20 9 6 -3 -2 -4 -5 -15 -21 -26 -23 -33 -38 -38 -45 -46 -44 -43 -38 -40 -39 -41 -32 -32 -32 -30 -26 -22 -24 -18 -22 -22 -22 -22 -17 -22 -16 -22 -13 -21 -22 -16 -21 -18 -16 -15 -17 -14 -16 -17 -17 -14 -20 -18 -18 -12 -15 -14 -14 -14 -7 -12 -9 -9 -15 -12 -10 -12 -16 -15 -10 -7 -11 -15 -15 -13 -17 
-10 -15 -13 -21 -18 -16 -11 -12 -15 -15 -15 -13 -15 -17 -18 -12 -14 -8 -12 -17 -17 -8 -16 -9 -10 -11 -13 -18 -23 -23 -20 -20 -17 -17 -13 -19 -23 -17 -17 -19 -24 -21 -21 -23 -25 -25 -20 -28 -30 -29 -29 -34 -38 -32 -38 -35 -30 -34 -35 -35 -37 -41 -41 -42 -47 -47 -38 -42 -47 -51 -47 -51 -48 -51 -48 -50 -45 -53 -58 -55 -57 -58 -53 -51 -48 -51 -50 -50 -47 -42 -44 -45 -48 -53 -50 -50 -54 -42 -47 -48 -50 -50 -46 -42 -53 -49 -46 -45 -44 -48 -48 -44 -42 -39 -39 -48 -42 -36 -47 -35 -45 -45 -39 -35 
-36 -50 -44 -44 -46 -41 -38 -40 -40 -43 -44 -43 -42 -38 -38 -46 -46 -44 -44 -41 -36 -41 -41 -35 -31 -30 -27 -24 -19 -19 -20 -14 -13 -8 -5 -8 -2 -4 -6 -5 -2 0 -5 0 -9 -14 -16 -7 -2 -4 -8 -8 -5 -6 -6 -3 0 -7 1 -8 0 0 6 9 16 16 10 14 16 13 15 12 12 14 16 14 11 10 17 19 8 5 7 11 7 9 13 13 11 13 8 8 10 10 7 2 7 5 16 7 
7 9 11 8 14 14 10 14 9 13 21 17 14 19 12 15 15 24 19 20 17 17 17 19 19 11 20 15 17 18 16 16 17 18 16 18 16 20 23 17 27 26 26 26 31 26 28 33 28 27 32 26 25 31 31 31 36 30 28 28 28 24 31 22 20 17 14 14 11 5 5 3 -2 -4 -6 -6 -8 -5 -1 -3 -5 -3 2 4 8 2 5 7 8 5 6 5 4 4 -4 -1 4 4 4 7 8 -3 -1 5 3 8 0 4 3 -8 -2 0 -1 -3 2 6 3 3 0 4 3 4 4 8 8 
-1 6 1 0 2 2 1 2 4 -1 1 -3 -8 -3 -2 -4 -4 7 7 13 7 19 27 32 30 35 35 36 38 38 42 44 40 40 38 36 36 38 36 44 42 37 29 41 37 33 35 37 30 28 33 30 27 25 26 29 30 30 25 25 28 30 33 26 22 22 21 21 23 26 18 28 22 17 19 25 17 20 19 21 21 13 13 16 24 20 17 21 14 22 22 18 15 20 18 26 15 29 25 25 23 23 20 14 17 22 23 15 
2 -5 0 -2 -1 -1 -4 -3 0 -7 -4 -1 -1 0 0 -2 -2 -3 0 -5 -2 -9 -15 -20 -25 -30 -33 -40 -44 -51 -66 -71 -81 -91 -100 -114 -124 -131 -147 -148 -161 -170 -189 -194 -205 -221 -224 -235 -246 -260 -268 -276 -277 -282 -288 -298 -307 -317 -328 -332 -345 -353 -355 -357 -354 -366 -366 -363 -367 -370 -381 -375 -376 -379 -384 -387 -385 -382 -377 -374 -376 -370 -372 -371 -371 
-359 -359 -365 -359 -358 -348 -347 -337 -334 -329 -314 -302 -296 -288 -279 -264 -255 -238 -221 -219 -202 -185 -182 -165 -140 -130 -123 -111 -105 -95 -81 -73 -71 -63 -59 -48 -39 -35 -32 -32 -30 -23 -25 -23 -17 -16 -20 -13 -7 -9 -4 -9 -10 -1 -2 5 1 0 1 -2 0 -5 -4 0 0 3 -2 -2 0 -5 -7 -9 -10 -9 -10 -10 -11 -7 -9 
-8 -11 -9 -11 -8 -2 -13 -8 -10 -4 -5 -2 -3 6 12 19 23 28 25 19 14 3 -8 -33 -54 -68 -85 -102 -119 -129 -144 -159 -167 -184 -186 -180 -179 -173 -182 -181 -175 -176 -173 -166 -170 -168 -168 -165 -158 -158 -160 -157 -151 -148 -146 -149 -144 -139 -141 -136 -134 -134 -136 -128 -122 -129 -127 -133 -127 -121 -124 -121 -120 
-120 -115 -119 -119 -122 -120 -115 -109 -106 -91 -79 -73 -50 -38 -23 -11 2 16 16 30 35 29 31 28 27 26 24 14 0 -5 -12 -26 -40 -55 -69 -75 -75 -73 -76 -76 -70 -65 -64 -64 -56 -63 -58 -58 -52 -57 -58 -56 -50 -53 -50 -53 -54 -52 -52 -53 -54 -54 -53 -47 -47 
-52 -50 -50 -47 -48 -45 -45 -45 -40 -39 -36 -27 -28 -26 -30 -24 -22 -17 -17 -16 -21 -14 -14 -9 -6 -9 -1 -3 -3 -1 0 0 0 2 2 7 9 7 6 14 13 9 17 8 2 7 9 8 8 6 8 8 7 10 8 13 8 8 16 16 10 9 20 15 15 5 10 16 13 7 9 9 14 11 6 3 7 7 6 10 15 15 13 13 8 11 11 16 10 10 9 4 8 10 8 8 7 15 6 11 
14 11 10 13 16 13 7 5 12 7 14 11 10 10 12 12 12 14 9 -1 2 0 -11 -16 -17 -21 -30 -24 -30 -24 -26 -29 -30 -30 -30 -41 -32 -31 -31 -42 -40 -44 -44 -46 -45 -48 -48 -47 -49 -41 -51 -48 -48 -51 -42 -32 -34 -27 -17 -11 2 0 2 7 6 5 10 12 21 18 20 19 21 21 26 19 23 23 26 24 18 21 24 17 11 11 9 15 17 11 3 8 12 9 9 12 12 18 10 15 14 12 13 10 12 19 19 10 
16 11 12 12 16 13 13 9 8 9 2 -1 -1 -3 -3 -8 -7 -7 -2 -5 -9 -9 -12 -10 -14 -5 -8 -7 -2 -4 -1 4 1 1 7 12 10 14 12 14 12 9 14 14 13 15 17 11 13 15 11 16 18 20 20 17 21 18 22 20 20 25 25 19 20 20 25 17 19 26 26 25 28 21 23 25 25 24 21 15 24 21 32 27 22 26 30 21 21 22 24 21 20 22 18 21 23 21 19 19 21 19 21 27 23 23 24 19 26 27 26 23 28 27 20 17 24 22 28 27 28 28 26 25 20 27 23 26 24 
25 19 18 22 22 24 19 11 10 15 20 25 21 19 19 16 16 13 11 13 10 12 7 9 1 3 8 8 7 4 1 3 5 5 5 5 -3 -4 -4 -7 -5 -5 -10 -10 -16 -18 -20 -17 -16 -16 -12 -18 -19 -25 -26 -26 -17 -14 -19 -15 -29 -31 -26 -27 -29 -25 -30 -35 -32 -27 -24 -30 -24 -25 -30 -24 -26 -25 -22 -30 -24 -32 -29 -26 -29 
-7 -10 -7 -13 -8 -16 -11 -10 -10 -6 -10 -12 -12 -15 -14 -13 -10 -6 -7 -10 -10 -15 -11 -12 -17 -18 -24 -27 -27 -33 -41 -48 -53 -60 -59 -70 -78 -81 -91 -91 -102 -108 -122 -130 -140 -152 -153 -164 -167 -183 -196 -206 -206 -219 -224 -237 -242 -251 -248 -255 -263 -270 -277 -282 -288 -290 -299 -304 -310 -322 -329 -334 -337 -348 -351 -352 -358 -358 -363 -363 -366 -361 -358 -362 -362 -364 
-369 -363 -365 -365 -356 -357 -357 -354 -356 -351 -352 -350 -344 -348 -345 -343 -341 -338 -338 -326 -324 -317 -305 -300 -288 -282 -276 -272 -266 -251 -248 -243 -236 -227 -219 -216 -201 -191 -188 -182 -173 -169 -150 -144 -137 -131 -119 -119 -111 -100 -96 -93 -85 -76 -78 -69 -63 -64 -55 -53 -51 -48 -45 -39 -40 -38 -34 -34 -32 -29 -29 -26 -28 -25 -17 -14 -14 -11 -6 -6 -9 -1 1 1 5 4 4 2 2 9 11 5 7 9 6 7 8 2 2 0 6 6 5 4 1 -2 1 3 2 -8 
-11 -4 -4 -9 -6 -8 0 -1 -3 0 -2 3 5 13 21 29 32 39 33 35 30 31 24 32 29 24 21 13 7 3 -3 -8 -13 -29 -47 -56 -57 -76 -79 -91 -101 -107 -114 -116 -120 -121 -126 -127 -125 -129 -133 -132 -127 -128 -128 -126 -131 -131 -124 -121 -124 -125 -126 -126 -124 -126 
-126 -120 -122 -124 -121 -123 -119 -119 -117 -123 -117 -114 -120 -113 -107 -106 -104 -100 -94 -82 -72 -57 -37 -31 -25 -10 8 28 29 32 33 43 37 37 34 31 28 24 17 16 8 3 -1 -8 -8 -13 -11 -16 -23 -21 -28 -35 -29 -27 -27 -28 -30 -25 -25 -25 -30 -25 -24 -26 -24 -21 -23 -18 -15 -17 -17 -19 -13 -15 -17 -12 -17 -20 -21 -18 -24 -19 -21 -17 -13 -18 -23 -16 -12 -12 -13 -14 -11 -14 -14 -12 
-9 -11 -14 -12 -8 -10 -16 -12 -17 -14 -14 -16 -13 -7 -11 -10 -10 -12 -9 -6 -7 -7 -4 -14 -6 -7 -6 -6 -17 -15 -14 -16 -17 -25 -23 -27 -22 -28 -28 -26 -34 -34 -34 -35 -40 -48 -50 -50 -61 -66 -71 -81 -85 -93 -99 -102 -109 -116 -123 -135 -142 -150 -157 -165 -177 -187 -202 -209 -230 -238 -252 -264 -280 -287 -298 -307 -318 -316 -318 -322 -324 -331 -329 -336 -343 -345 -341 -347 -347 -352 -346 -341 -345 -342 -342 -342 -340 -340 -340 -347 -337 -334 -336 -330 -334 -335 -336 -333 -333 -330 -330 -330 -329 -329 -326 -327 -329 -323 -321 -323 -320 
-323 -325 -327 -320 -317 -320 -321 -321 -318 -315 -309 -307 -307 -301 -315 -295 -269 -249 -246 -234 -224 -220 -205 -187 -173 -156 -144 -138 -128 -119 -116 -106 -99 -90 -86 -79 -45 -30 -24 -19 -12 -10 -8 -7 -10 -9 -9 -6 -8 -10 -12 -6 -3 0 -2 0 0 9 6 12 9 14 14 16 10 13 13 10 7 13 9 9 13 7 1 
-20 -30 -31 -26 -26 -25 -23 -18 -24 -25 -19 -27 -28 -27 -30 -28 -33 -40 -37 -37 -42 -42 -44 -35 -36 -46 -41 -43 -47 -43 -45 -44 -49 -49 -45 -42 -44 -42 -47 -40 -44 -43 -45 -39 -49 -41 -43 -48 -36 -38 -40 -38 -42 
-39 -33 -36 -33 -33 -44 -34 -44 -38 -33 -55 -38 -35 -41 -42 -35 -35 -35 -35 -31 -35 -34 -34 -34 -31 -29 -29 -19 -19 -21 -18 -18 -15 -13 -12 -12 -20 -9 -9 -7 -7 -9 -7 -9 -6 -6 -5 -2 1 -4 -4 0 3 1 1 0 6 8 2 9 6 10 9 14 14 13 11 10 12 6 8 10 15 18 18 15 11 11 18 23 16 21 17 11 10 11 19 19 16 
20 20 18 20 17 22 22 17 15 19 19 19 17 19 19 22 22 24 21 23 26 27 26 25 25 23 20 17 19 18 20 22 15 20 20 20 16 18 20 17 16 23 23 28 24 21 26 17 15 20 20 16 15 21 22 24 24 19 19 21 14 18 14 18 18 10 12 9 6 6 4 9 3 6 0 2 2 2 -2 4 1 -4 -4 -4 1 -4 -6 -5 -3 -5 -2 -6 -3 -1 
19 16 16 23 25 23 25 21 22 28 30 25 29 28 30 32 33 29 24 31 28 30 31 24 25 25 27 24 13 18 16 14 17 13 13 17 16 7 12 12 11 11 8 15 12 12 9 8 10 9 6 3 11 6 8 6 8 5 7 4 6 4 4 7 5 7 
-6 -10 -12 -10 -7 -9 -11 -2 -4 -6 -6 -3 -3 -5 -2 0 -6 0 -1 -3 -3 -5 -2 1 1 -4 -8 -1 -4 -8 -5 -2 -7 -13 -9 -14 -25 -30 -35 -39 -44 -45 -57 -71 -85 -94 -99 -103 -109 -117 -126 -133 -144 -151 -160 -161 -171 -181 -192 -199 -202 -215 -217 -233 -247 -244 -248 -253 -253 -255 -260 -267 -267 -271 -275 -281 -281 -288 -284 -287 -279 -290 -295 -297 -298 -295 -292 -297 -297 -290 -288 -290 -294 -291 -288 -292 -285 -285 -286 
-285 -288 -285 -285 -274 -279 -270 -273 -262 -259 -257 -254 -247 -237 -228 -222 -211 -206 -199 -187 -172 -171 -158 -143 -134 -125 -112 -109 -97 -88 -82 -71 -66 -58 -53 -38 -38 -32 -29 -26 -20 -22 -18 -10 -9 -11 -4 -6 -8 -5 -10 -9 -8 -6 -8 -6 -4 -4 -5 -8 -8 -14 -21 -8 -10 -18 -15 -12 -16 -12 -13 -7 -10 -11 -5 -9 -9 -7 -4 -7 -13 -7 -7 -10 -10 -14 
-9 -11 -10 -8 -12 -14 -13 -12 -13 -15 -10 -13 -7 -8 -6 0 7 5 11 21 21 21 27 25 21 18 19 16 6 -2 -4 -25 -30 -44 -57 -82 -108 -121 -135 -143 -161 -163 -177 -185 -182 -179 -186 -183 -185 -180 -178 -180 -180 -184 -184 -183 -169 -177 -177 -182 -174 -173 -173 -169 -169 -163 -168 -160 -164 -166 
-165 -165 -165 -162 -156 -160 -157 -161 -159 -148 -147 -132 -121 -103 -83 -60 -48 -19 -15 0 11 12 20 25 30 22 16 13 9 6 2 -6 -8 -13 -21 -25 -30 -37 -43 -53 -59 -65 -70 -67 -64 -66 -58 -53 -55 -48 -44 -39 -42 -43 -42 -39 -40 -42 -42 -40 -45 -44 -41 -38 -43 -40 -40 -47 -35 -37 -35 
-37 -35 -33 -40 -40 -36 -36 -35 -37 -34 -35 -35 -37 -34 -36 -37 -36 -36 -40 -44 -43 -50 -50 -52 -49 -53 -60 -54 -64 -58 -58 -62 -55 -61 -56 -54 -51 -51 -53 -50 -48 -48 -47 -51 -49 -46 -49 -50 -47 -49 -42 -42 -47 -38 -43 -47 -43 -47 -47 -49 -48 -47 -51 -45 -44 -45 -48 -50 -52 -44 -47 -46 -43 -51 -45 -52 -49 -43 -46 -42 
-49 -55 -41 -46 -47 -48 -48 -50 -53 -48 -49 -45 -47 -47 -47 -44 -45 -49 -51 -53 -51 -51 -48 -44 -47 -45 -42 -36 -45 -43 -45 -42 -35 -40 -33 -33 -33 -34 -29 -24 -24 -27 -28 -25 -22 -22 -17 -17 -19 -13 -15 -17 -25 -18 -18 -19 -18 -16 -16 -13 -19 -22 -19 -19 -17 -17 -19 -12 -14 -14 -18 -11 -15 -12 -21 -16 -17 -13 -13 -10 -15 -17 -10 -15 -14 -11 -10 -7 -7 -9 -10 -10 -10 
-11 -17 -17 -13 -13 -13 -11 -15 -7 -7 -3 -12 -10 -9 -2 0 -8 -4 -9 -11 -13 -14 -15 -17 -22 -19 -15 -16 -9 -11 -15 -18 -9 -14 -11 -17 -21 -18 -12 -20 -17 -20 -12 -14 -14 -11 -11 -8 -10 -5 -5 -3 -5 3 3 9 9 9 11 8 1 5 7 0 2 3 -8 -12 -6 -7 -7 -9 0 -2 -13 -15 -10 -12 -13 -13 -19 -14 -14 -14 -19 -20 -18 -18 -20 -22 -16 -19 -27 -29 -24 -24 -25 -25 -27 -25 -25 -23 -23 -30 -29 
-27 -35 -32 -30 -28 -29 -30 -24 -26 -26 -28 -29 -26 -36 -37 -30 -30 -33 -29 -29 -23 -25 -27 -20 -20 -21 -14 -10 -12 -14 -11 -9 -11 -3 -4 4 3 11 5 6 12 9 12 8 14 9 2 9 8 6 6 3 3 0 2 4 1 2 1 -4 1 0 2 0 0 2 -6 -9 -8 -10 -10 -10 -10 -13 -13 -10 -9 -11 -7 -5 -10 -8 -11 -8 -10 -11 -15 -9 -10 -8 -10 -7 
12 11 11 13 10 3 8 4 7 6 8 6 8 8 10 7 8 10 10 9 6 3 9 3 4 2 5 0 5 3 0 -1 -1 -2 -4 -10 -4 -6 -3 -3 -8 -5 -11 -21 -29 -42 -58 -63 -72 -79 -92 -95 -103 -107 -112 -128 -150 -150 -156 -161 -175 -186 -186 -194 -199 -204 -221 -231 -242 -248 -259 -270 -277 -293 -298 -305 -314 -321 -323 -325 -326 -325 -325 -330 -332 -330 -335 -340 -345 -336 -338 -338 -337 -339 -334 -337 -339 -337 -338 -339 -336 -341 
-341 -338 -338 -329 -331 -335 -334 -338 -340 -334 -331 -328 -327 -321 -321 -313 -315 -313 -306 -305 -286 -286 -269 -259 -247 -244 -241 -224 -215 -211 -199 -187 -180 -168 -159 -145 -143 -129 -116 -113 -104 -94 -78 -67 -64 -59 -47 -41 -38 -37 -33 -28 -22 -22 -16 -15 -12 -17 -12 -5 -9 0 -1 -6 0 -1 1 2 4 8 3 3 0 0 7 5 3 10 6 7 1 6 3 2 2 1 0 2 0 0 3 0 0 -1 -1 -1 -1 8 2 4 1 -2 5 0 4 4 0 3 9 
2 4 3 4 3 11 2 2 6 3 0 5 6 7 10 13 19 21 29 26 21 23 24 21 12 14 3 0 -2 -10 -18 -31 -39 -48 -58 -72 -88 -99 -101 -112 -124 -132 -139 -136 -141 -155 -144 -147 -149 -150 -150 -146 -145 -149 -143 -144 -146 -147 -149 -144 -144 -143 -140 -139 -139 -141 -143 -142 -139 -136 -133 
-134 -134 -135 -133 -133 -131 -130 -118 -109 -111 -95 -84 -81 -64 -54 -45 -36 -26 -10 -5 -1 4 1 11 13 10 17 19 25 26 22 19 19 21 18 15 9 6 3 0 0 -7 -15 -15 -17 -12 -19 -23 -25 -25 -27 -24 -18 -24 -21 -25 -23 -23 -19 -22 -19 -24 -22 -18 -22 -18 -18 -13 -19 -16 -17 -17 -22 -22 -23 -24 -22 -18 -22 -23 -18 -22 -21 -22 -16 -15 -19 -21 -22 -19 -18 -20 -19 -14 -19 -16 -19 -17 -19 -19 -18 -20 -20 -20 -20 -22 -14 -19 -26 -23 -23 -21 -25 -22 -24 -20 -20 -20 -25 -19 -17 
-21 -18 -25 -23 -20 -19 -23 -21 -19 -24 -24 -27 -24 -29 -23 -23 -23 -26 -21 -23 -23 -23 -23 -20 -22 -22 -25 -27 -28 -33 -38 -28 -32 -32 -34 -42 -41 -42 -39 -37 -44 -44 -38 -44 -45 -41 -35 -43 -45 -42 -44 -44 -42 -43 -45 -51 -51 -52 -54 -55 -60 -63 -58 -62 -65 -65 -72 -69 -74 -70 -68 -69 -74 -82 -78 -73 -70 -72 -66 -71 -72 -72 -66 -68 -65 -67 -68 -68 -65 -64 -69 -70 -70 -66 -73 -75 -68 -63 -63 -65 -73 
-64 -72 -69 -69 -69 -71 -71 -63 -68 -72 -69 -71 -71 -68 -62 -63 -68 -59 -61 -61 -61 -54 -48 -47 -54 -48 -45 -44 -38 -36 -33 -32 -32 -33 -29 -28 -30 -22 -22 -22 -16 -17 -11 -14 -16 -16 -14 -14 -18 -20 -13 -7 -7 -8 -5 -7 -8 -7 -7 -7 -7 -3 -4 -4 -5 0 0 -2 3 2 -4 4 0 2 4 4 0 -1 2 2 0 5 4 0 -3 0 0 5 9 6 3 2 
6 3 5 4 2 4 3 8 2 10 8 7 7 7 9 12 3 8 2 2 7 1 6 9 12 9 15 17 18 12 14 12 18 16 9 11 13 15 13 21 20 20 17 11 17 14 8 10 12 12 3 9 0 3 3 5 0 2 0 -5 -9 -6 -11 -13 -15 -20 -11 -16 -18 -23 -23 -25 -22 -25 -27 -32 -32 -32 -29 -29 -31 -33 -34 -37 -37 -37 -37 -37 -31 -31 -36 -41 -40 -40 -40 -41 -46 -46 -49 -50 -52 -43 -46 -46 -46 -46 -46 -49 -51 -39 -44 -43 -44 -46 -45 -45 -45 -44 -49 -45 -49 -46 -46 -42 
-48 -58 -44 -47 -44 -49 -47 -49 -51 -51 -42 -44 -46 -46 -53 -46 -43 -46 -41 -41 -38 -38 -36 -33 -30 -25 -15 -19 -10 -10 -11 -8 -5 -6 0 8 7 8 12 10 12 11 14 18 17 24 18 25 13 20 17 16 16 18 17 11 7 12 13 2 -2 3 3 -1 -2 -4 -4 -4 -4 -7 -17 -12 -15 -23 -20 -22 -20 -22 -24 -20 -23 -20 -24 -28 -25 -17 -19 -13 -13 -14 -11 -12 -9 -8 -6 -5 -11 -19 -13 -12 -7 -9 
-2 -7 -4 -1 -1 -1 3 2 10 5 7 4 12 11 16 21 21 29 29 32 29 34 31 21 19 23 11 8 0 -7 -11 -22 -32 -44 -63 -76 -76 -92 -103 -114 -122 -123 -132 -131 -126 -133 -134 -134 -136 -137 -137 -139 -139 -136 -138 -135 -129 -130 -133 -136 -130 -132 
-127 -129 -126 -121 -123 -114 -110 -105 -101 -94 -91 -76 -73 -62 -45 -33 -19 -10 7 14 16 26 29 34 33 35 33 31 33 27 27 24 14 17 15 14 12 2 -2 -6 -16 -21 -29 -32 -31 -31 -28 -24 -27 -26 -27 -21 -19 -17 -20 -21 -23 -19 -22 -20 -19 -17 -19 -16 -16 -15 -17 -19 -17 -17 -16 -16 -14 -11 -12 -12 -17 -18 -21 -17 -15 -11 -15 -9 
-13 -17 -13 -13 -18 -14 -15 -9 -4 -9 -16 -12 -14 -13 -11 -8 -16 -18 -15 -15 -15 -18 -15 -17 -27 -27 -30 -34 -25 -25 -29 -24 -22 -21 -22 -20 -20 -25 -27 -23 -28 -24 -25 -25 -29 -29 -31 -31 -33 -34 -39 -41 -40 -37 -37 -37 -35 -39 -42 -40 -40 -48 -45 -48 -48 -50 -49 -50 -53 -47 -48 -53 -44 -52 -49 -53 -49 -48 -45 -47 -47 -52 -51 
-53 -50 -50 -47 -55 -55 -49 -54 -52 -52 -59 -56 -58 -58 -58 -55 -53 -52 -52 -43 -49 -51 -45 -45 -45 -40 -32 -34 -28 -26 -24 -28 -25 -21 -26 -28 -21 -17 -19 -16 -18 -10 -15 -9 -13 -10 -7 -7 -5 -9 -3 -3 -4 1 3 -2 0 5 0 9 7 4 4 7 8 1 6 6 8 5 2 1 3 6 11 0 6 6 8 3 5 5 8 3 4 7 10 5 6 6 9 6 6 7 7 6 11 7 2 7 8 12 6 7 12 10 11 4 9 8 8 6 6 5 
10 14 12 4 4 4 14 5 4 6 14 10 6 5 10 5 7 3 11 10 11 5 2 2 2 0 1 3 7 4 1 1 5 3 1 6 11 13 12 11 10 11 14 8 12 12 13 12 19 23 22 20 14 18 15 11 16 11 13 18 12 9 11 11 18 20 21 22 17 16 15 15 14 18 17 17 19 25 23 20 19 19 21 21 21 21 28 20 24 23 17 19 20 21 18 19 16 22 19 19 19 13 21 27 23 19 19 24 22 19 17 22 26 22 23 20 20 18 20 22 19 16 20 
22 21 17 17 20 24 21 17 19 16 18 18 17 14 19 16 18 24 22 24 29 27 21 24 29 31 26 32 32 30 24 31 31 28 28 30 27 26 27 27 26 26 24 25 24 22 29 25 21 21 23 16 20 20 17 12 14 16 14 10 9 13 13 13 16 8 5 10 15 7 12 6 8 11 6 6 3 5 10 11 9 9 3 4 6 6 
4 4 5 5 8 6 4 6 8 4 1 0 4 6 0 -2 -2 -3 -3 -3 -2 -3 -3 -3 -8 -5 -7 -11 -11 -19 -18 -22 -26 -31 -36 -41 -46 -43 -46 -48 -57 -56 -58 -62 -62 -63 -65 -67 -63 -69 -64 -69 -75 -72 -75 -69 -73 -75 -80 -77 -82 -81 -83 -83 -75 -77 -77 -79 -77 -82 -74 -82 -84 -84 -84 -92 -82 -82 -79 -80 -81 -79 -80 -77 -80 -75 -77 -77 -83 -83 -77 -80 -74 
-80 -82 -79 -80 -85 -85 -80 -83 -84 -78 -80 -80 -74 -81 -75 -76 -80 -78 -83 -78 -73 -70 -73 -78 -71 -68 -65 -65 -66 -61 -59 -50 -47 -43 -48 -48 -45 -49 -42 -42 -42 -42 -38 -46 -40 -37 -39 -33 -39 -33 -33 -29 -30 -25 -15 -16 -11 -8 -7 -6 -8 -8 1 3 6 5 15 12 11 8 6 15 13 14 9 9 10 11 11 14 11 
14 13 15 16 18 14 14 14 11 11 12 20 20 14 16 16 16 13 13 11 10 12 12 11 10 2 5 8 10 14 22 17 12 15 20 20 20 25 22 20 22 28 21 31 31 33 27 32 37 39 39 34 37 40 43 43 36 42 40 39 31 38 43 37 33 31 35 35 34 37 44 34 34 29 32 32 35 32 28 28 23 20 24 30 25 16 24 21 18 23 20 25 19 16 18 21 17 19 19 13 10 21 15 12 17 20 15 17 21 22 22 22 19 24 
23 25 22 20 25 19 24 26 26 26 28 25 32 28 28 28 26 25 24 22 15 19 19 22 27 29 27 31 32 40 31 36 36 33 38 40 40 33 39 39 37 37 39 44 41 44 41 42 39 40 38 40 41 38 38 36 44 39 39 38 36 35 37 37 34 28 30 27 29 23 22 20 19 20 25 13 13 16 15 14 16 10 6 7 7 9 9 14 12 2 7 7 9 6 3 0 -3 0 -5 -7 -10 -12 -13 -7 -4 -6 -5 -5 -2 -5 -5 -10 -9 -10 -11 -11 -7 -12 -9 -12 -7 -3 -8 -10 -9 -9 -6 -8 -10 -7 -4 -10 -5 -4 -4 -4 -7 -8 -2 
-7 -12 -10 -10 -1 1 -7 -3 4 -1 -1 -7 -4 -8 -5 -2 -7 -10 -10 -11 -6 -9 -9 -9 -12 -17 -13 -15 -20 -25 -26 -24 -26 -26 -30 -37 -36 -33 -30 -40 -40 -36 -40 -40 -42 -38 -37 -41 -47 -42 -50 -43 -53 -51 -49 -49 -49 -51 -60 -59 -56 -62 -65 -67 -68 -70 -72 -67 -69 -77 -77 -75 -77 -79 -79 -79 -80 -84 -75 -81 -86 -79 -77 -74 -68 -75 -76 -74 -72 -67 -70 -70 -73 -74 -71 -71 
-71 -75 -77 -74 -79 -75 -71 -75 -76 -70 -71 -67 -69 -66 -77 -68 -68 -74 -70 -69 -67 -61 -62 -62 -67 -62 -53 -54 -49 -43 -40 -39 -35 -40 -36 -33 -29 -26 -28 -28 -24 -21 -23 -18 -18 -20 -22 -25 -24 -17 -18 -15 -14 -12 -9 -6 -7 -9 -10 -5 -7 -11 -9 -4 -3 -6 -3 2 2 4 -4 1 1 9 14 3 -1 -1 -1 1 1 3 0 -5 -1 -3 5 0 1 
3 1 0 4 1 4 9 7 6 6 3 7 2 9 0 7 12 12 16 15 21 27 29 26 26 32 30 36 35 32 34 42 48 47 48 47 50 48 42 49 49 51 50 46 48 54 51 48 48 45 51 51 45 42 43 39 39 37 42 39 41 38 35 37 35 35 32 31 30 32 30 30 23 26 28 30 32 34 33 27 27 33 36 33 30 34 32 28 36 33 30 41 33 
33 35 34 34 29 33 31 36 30 32 29 22 35 32 33 35 37 35 33 36 39 39 37 38 45 47 44 43 47 47 47 51 50 50 52 52 49 50 47 47 43 45 44 44 42 42 42 42 42 47 41 39 32 34 36 35 33 34 34 31 32 29 37 27 26 26 26 27 20 22 24 21 19 19 25 22 20 10 12 16 13 15 9 11 15 20 11 14 12 13 13 18 
4 1 0 4 1 -2 2 -3 2 1 5 0 -1 4 -1 3 8 1 6 6 8 9 13 16 23 26 27 36 40 41 41 38 42 38 38 32 20 9 0 -5 -20 -27 -35 -40 -45 -52 -60 -72 -74 -76 -76 -70 -74 -72 -79 -79 -77 -74 -71 -70 -77 -74 -74 -72 -67 -68 -71 -70 -72 -68 -76 -70 -65 -67 -70 -72 -71 -68 
-63 -60 -63 -68 -68 -65 -55 -57 -55 -42 -29 -23 -12 0 12 26 32 40 43 47 42 43 44 35 30 27 17 12 0 -7 -4 -6 -11 -20 -25 -38 -40 -42 -45 -45 -47 -49 -41 -50 -46 -43 -38 -43 -45 -39 -41 -41 -38 -43 -40 -42 -44 -42 -38 
12 5 2 7 1 6 4 6 6 4 12 6 6 3 7 8 0 2 9 5 6 7 3 7 6 9 9 14 14 11 9 4 9 8 7 4 3 8 5 3 3 0 5 2 1 -2 -10 -8 -9 -16 -18 -21 -33 -33 -38 -39 -50 -52 -57 -65 -69 -77 -82 -88 -96 -101 -113 -121 -127 -132 -146 -148 -150 -160 -165 -176 -180 -193 -194 -206 -211 -218 -222 -232 -232 -240 -240 -247 -255 -255 -260 -264 -264 -261 -260 -258 -256 -264 -264 -260 -265 
-259 -256 -256 -253 -257 -255 -260 -251 -260 -258 -257 -257 -260 -251 -247 -240 -243 -240 -236 -228 -223 -214 -211 -202 -199 -187 -177 -166 -158 -155 -150 -141 -129 -123 -112 -107 -98 -87 -76 -66 -61 -63 -54 -48 -42 -28 -17 -18 -15 -9 -9 -4 -4 1 1 -4 3 0 7 6 9 9 11 6 12 12 14 7 5 13 12 9 9 11 8 7 2 3 6 6 1 6 8 10 10 5 7 8 8 6 0 2 4 5 5 6 
-24 -22 -27 -24 -23 -25 -21 -19 -19 -21 -22 -21 -22 -19 -16 -20 -17 -22 -22 -13 -16 -18 -16 -8 -10 -15 -12 -6 -6 -8 -3 0 0 -2 -4 -2 -3 0 -4 1 -2 1 0 5 0 7 9 1 0 5 10 10 4 11 -2 4 9 12 12 11 10 10 2 7 12 10 10 4 4 9 13 9 12 6 6 14 11 13 7 11 12 15 6 11 14 12 12 7 11 11 12 10 11 11 11 7 
9 11 3 1 7 7 4 7 4 15 16 13 17 13 11 13 15 19 19 16 21 17 17 20 22 24 21 19 21 18 16 23 19 15 17 16 18 18 15 15 15 9 10 2 4 3 7 3 2 0 0 0 5 2 7 4 6 2 2 3 1 3 5 3 3 1 3 5 1 -1 -1 -1 -1 -2 -2 0 -2 0 -2 -4 -9 -6 -4 -4 -9 -9 -6 -8 -5 -8 -7 -6 
-5 -1 -6 -4 -3 -5 -5 -5 -5 -9 -3 -8 -5 -10 -1 -2 1 5 -5 0 3 4 1 -1 6 3 4 1 5 5 0 1 3 0 2 3 5 10 5 0 -1 5 2 5 1 1 4 6 2 3 3 4 2 4 1 3 3 -5 0 2 2 3 4 3 4 -3 2 2 9 4 0 5 2 7 6 4 4 5 3 2 10 -2 -2 0 0 -4 5 1 2 6 6 5 2 2 -1 -5 -3 -4 -6 -3 -1 -8 -8 
-3 0 -3 -8 -3 -3 -5 -3 -5 -5 -5 -10 -4 -3 -6 1 -2 -1 0 2 0 -1 -10 -1 1 3 2 -2 3 3 2 3 1 6 -1 -3 -2 4 5 6 8 0 6 0 -1 0 1 0 1 -4 -5 -6 -9 -9 -3 -6 -3 -11 -4 -3 0 6 4 1 0 -2 -2 -2 -4 0 5 2 0 0 5 8 5 3 1 -1 -1 2 4 -1 -3 -5 0 -2 2 -1 -2 0 -1 4 0 -4 -5 -7 -5 
-1 -3 -1 -5 -8 -1 1 -3 -4 -2 -7 -3 0 -5 -3 -5 -11 -9 -10 -10 -4 -7 -1 -8 -1 -4 0 -2 0 3 0 0 -2 0 -3 2 -3 -2 -4 0 -2 0 -2 -7 -1 -6 4 0 0 -2 0 5 5 7 5 0 4 6 11 1 1 3 0 4 -3 -2 -1 1 -1 8 12 9 10 11 9 3 7 5 9 -2 5 2 5 4 -1 6 3 -1 0 -5 0 -9 -6 -3 1 0 -2 1 1 -1 -3 2 1 -1 
-4 -5 -1 -2 0 2 2 2 0 -1 -2 0 4 1 -1 -1 -2 -1 10 -4 -1 4 7 9 6 8 7 12 11 10 10 8 7 9 11 13 10 6 7 8 10 12 6 6 9 6 7 7 9 9 7 1 1 4 6 4 1 1 2 4 4 4 5 0 4 6 4 2 0 2 3 3 3 0 5 2 7 4 1 -1 1 2 4 1 1 -1 4 0 2 3 6 6 0 0 -1 7 0 -2 -1 0 1 4 5 0 0 2 4 -1 -4 -3 8 -1 -2 -3 0 2 1 0 
1 2 0 -2 -4 1 6 3 5 -2 -2 -5 -7 -7 1 2 10 17 15 23 30 38 35 35 26 29 37 34 34 26 22 10 5 -9 -18 -29 -45 -52 -70 -88 -109 -123 -137 -149 -165 -170 -179 -184 -193 -193 -206 -214 -208 -208 -211 -211 -208 -209 -202 -201 -207 -200 -202 -198 -197 -194 -192 -194 -200 -193 -197 -191 -182 -182 -187 -184 -184 -185 -183 -183 -184 
-185 -185 -185 -184 -177 -179 -176 -174 -174 -173 -167 -172 -157 -142 -124 -110 -94 -77 -61 -44 -18 -5 8 22 29 40 38 35 37 36 27 15 3 -20 -36 -54 -70 -70 -72 -72 -78 -69 -71 -69 -63 -61 -63 -67 -60 -60 -57 -58 -59 -57 -59 -56 -49 -52 -51 -53 -50 -47 -49 
-52 -54 -55 -52 -47 -49 -49 -46 -45 -50 -49 -46 -44 -44 -35 -26 -22 -4 3 14 11 22 29 30 32 31 30 27 19 3 -6 -22 -38 -63 -79 -95 -113 -118 -131 -141 -143 -145 -144 -149 -152 -149 -151 -150 -147 -148 -143 -141 -145 -146 -146 
-145 -140 -137 -139 -141 -138 -137 -137 -137 -136 -129 -121 -121 -113 -98 -96 -83 -69 -60 -48 -36 -29 -20 -5 1 10 20 29 32 35 41 39 34 27 32 25 21 29 23 19 13 9 9 8 10 9 13 10 10 11 12 9 
5 2 2 0 10 8 1 -1 3 4 4 2 0 1 2 3 3 3 4 0 0 0 0 6 7 14 11 10 4 4 4 4 4 1 1 2 0 -1 -2 -4 -12 -9 -11 -15 -22 -24 -29 -34 -40 -42 -36 -44 -47 -50 -58 -62 -64 -73 -75 -84 -98 -105 -108 -114 -128 -130 -141 -152 -156 -161 -164 -166 -180 -188 -190 -197 -194 -195 -206 -218 -227 -243 -256 -264 
-128 -119 -108 -98 -95 -91 -78 -77 -69 -64 -52 -41 -35 -30 -25 -25 -25 -23 -12 -11 -11 -11 -8 -5 -10 0 1 -1 -3 5 7 10 8 5 4 1 3 0 0 0 6 5 7 10 4 7 2 3 0 3 -2 -4 4 2 2 7 4 3 0 
-3 0 2 0 2 4 0 0 -1 2 -2 0 5 2 0 4 2 2 5 0 1 3 3 0 0 2 2 1 6 2 2 1 0 2 2 -4 -1 -6 -11 -11 -12 -23 -25 -36 -45 -48 -56 -64 -69 -80 -94 -101 -110 -123 -131 -141 -157 -159 -170 -172 -184 -190 -193 -206 -215 -218 -224 -227 -234 -244 -248 -252 -260 -263 -268 -276 -283 -291 -293 -291 -294 -295 -295 -303 -302 -296 -298 -296 -301 
-293 -290 -292 -293 -293 -298 -292 -292 -289 -289 -293 -284 -285 -286 -287 -281 -274 -271 -270 -268 -265 -256 -256 -250 -241 -234 -222 -212 -207 -204 -193 -184 -184 -170 -158 -151 -145 -134 -127 -114 -105 -98 -90 -87 -76 -67 -59 -50 -44 -35 -26 -18 -16 -10 -7 -9 -5 -7 -1 -2 -2 -6 0 -2 -2 -2 0 3 8 6 10 4 7 4 3 8 3 3 6 0 2 6 3 1 
0 6 7 3 1 -3 5 5 8 6 5 5 5 4 6 0 2 2 4 0 5 5 5 5 9 17 14 22 29 34 34 36 31 25 26 18 14 0 -8 -27 -43 -54 -68 -77 -88 -91 -102 -105 -117 -122 -127 -128 -130 -141 -138 -134 -137 -141 -135 -136 -138 -137 -142 -136 -140 -131 -132 -133 -127 -129 -130 -127 -127 -124 -124 -126 -124 
-124 -121 -117 -123 -124 -123 -120 -121 -121 -112 -117 -122 -114 -112 -112 -112 -111 -105 -102 -87 -75 -50 -29 -17 -10 0 9 9 21 25 26 33 39 33 35 40 34 32 36 33 24 22 19 11 7 0 -4 -9 -9 -8 -9 -7 -14 -16 -12 -18 -18 -23 -23 -26 -24 -25 -24 -22 -21 -23 -18 -22 -21 -16 -18 -19 -17 -19 -24 -25 -22 -22 -16 
-3 -3 0 -6 -7 -3 -4 -1 7 -1 0 -3 -3 -1 1 0 -2 0 4 0 -5 -6 -6 -6 -11 -11 -13 -18 -27 -36 -37 -38 -38 -40 -40 -42 -45 -39 -39 -36 -33 -35 -36 -33 -35 -32 -32 -30 -32 -35 -35 -37 -37 -42 -40 -34 -30 -36 -32 -26 -29 -33 -30 -32 -34 -38 -33 -33 -35 -35 -43 -34 -46 -44 -46 -39 -34 -39 -38 -38 -33 -29 -29 -31 -34 -29 -24 -22 -27 -29 -28 -22 -27 -26 -31 -24 -30 -27 -34 -33 -27 -27 -27 
-24 -29 -28 -30 -30 -30 -22 -26 -28 -30 -27 -26 -29 -31 -26 -26 -26 -31 -31 -32 -24 -30 -28 -30 -26 -25 -33 -26 -25 -19 -27 -23 -22 -24 -21 -17 -14 -18 -18 -19 -16 -18 -15 -20 -24 -28 -30 -28 -29 -31 -28 -32 -30 -27 -26 -24 -30 -27 -34 -36 -41 -38 -41 -38 -38 -34 -31 -30 -27 -26 -20 -18 -16 -16 -18 -15 -15 -16 -16 -10 -10 -13 -10 -10 -7 -9 
-4 -8 -6 -7 -4 -7 -1 -8 -6 0 2 7 0 -3 0 3 -1 -4 -4 -5 0 -1 1 1 5 7 4 1 8 10 11 11 11 11 13 10 12 12 14 16 7 12 17 11 19 20 18 19 16 19 13 24 15 14 22 22 26 30 27 26 26 29 34 25 27 31 25 32 26 21 24 24 26 20 17 16 24 21 18 15 17 22 22 22 21 12 20 20 17 14 11 14 17 19 21 14 12 16 16 20 17 14 16 16 16 13 14 16 16 12 11 10 12 9 14 
15 17 17 14 16 14 20 16 21 12 17 20 20 14 22 23 19 17 19 24 15 25 16 20 17 17 23 21 18 23 16 14 15 16 18 15 9 9 6 9 9 3 0 -3 2 2 2 2 2 2 2 0 -2 -8 0 -6 -8 -10 2 2 2 -2 -7 -6 2 -4 -8 -2 -3 -2 -7 -5 -8 -7 -4 -6 1 -3 -6 -8 -8 -7 -7 -1 -5 -5 -5 -5 -1 0 -8 -10 -5 -7 -5 -6 -2 -7 -6 0 -3 -9 
2 3 4 -1 -1 3 1 3 3 1 2 7 7 4 3 1 3 5 4 3 2 2 5 5 10 12 12 11 13 13 8 14 11 13 10 10 11 5 -1 -1 -7 -12 -17 -25 -31 -47 -61 -73 -85 -88 -103 -110 -116 -127 -134 -139 -142 -156 -158 -179 -187 -192 -191 -200 -215 -214 -219 -224 -231 -241 -249 -249 -254 -256 -262 -262 -264 -283 -280 -278 -291 -292 -300 -302 -295 -302 -306 -308 -303 -312 -309 -303 -305 -310 -314 -306 -304 -308 -308 -307 -304 -303 -303 -300 -302 -298 
-309 -301 -302 -300 -297 -299 -301 -294 -296 -288 -287 -279 -282 -273 -265 -265 -260 -251 -244 -244 -236 -233 -222 -212 -211 -205 -197 -189 -186 -178 -171 -149 -143 -137 -125 -122 -111 -104 -99 -101 -95 -95 -91 -85 -79 -76 -74 -70 -56 -56 -51 -43 -43 -47 -47 -40 -45 -44 -35 -37 -37 -36 -33 -35 -34 -39 -39 -38 -34 -27 -31 -28 -30 -32 -29 -33 -30 -35 -29 -26 -31 -23 -31 -30 
-30 -31 -32 -32 -26 -30 -32 -36 -36 -30 -27 -31 -20 -14 -16 -2 -2 0 6 14 19 22 27 34 34 30 32 25 26 17 8 11 0 -2 -12 -24 -29 -40 -46 -60 -67 -72 -77 -91 -89 -96 -98 -100 -106 -106 -107 -114 -106 -106 -106 -103 -98 -104 -98 -104 -101 -101 -106 -106 -95 -97 -103 -94 -102 -99 -97 
-97 -97 -98 -102 -99 -98 -95 -99 -95 -93 -93 -95 -90 -81 -74 -62 -47 -41 -27 -20 0 10 15 28 31 35 36 41 35 34 34 28 22 8 -3 -13 -21 -30 -42 -50 -52 -54 -56 -64 -68 -65 -63 -68 -69 -68 -61 -61 -61 -64 -62 -63 -60 -60 -61 -58 -50 -52 -56 -56 -56 -56 -56 -56 -51 
-55 -57 -52 -52 -54 -45 -50 -52 -49 -49 -45 -48 -53 -49 -53 -53 -50 -47 -50 -49 -54 -48 -45 -50 -55 -47 -47 -45 -45 -45 -47 -44 -51 -46 -46 -43 -38 -38 -34 -36 -30 -27 -28 -28 -30 -30 -28 -20 -25 -24 -23 -23 -30 -27 -24 -29 -26 -23 -25 -26 -35 -35 -35 -34 -28 -30 -31 -31 -33 -32 -34 -30 -33 -34 -28 -29 -31 -27 -23 -28 -24 -27 -27 -27 -26 -26 -33 -27 -28 -31 -22 -27 -25 -29 -26 -25 -27 -21 -30 -26 -26 -26 -26 -25 -28 -25 -27 -27 -25 
-23 -25 -27 -25 -30 -25 -23 -21 -26 -24 -31 -28 -33 -30 -28 -27 -35 -25 -29 -22 -22 -19 -24 -16 -16 -19 -17 -26 -26 -20 -17 -11 -15 -10 -9 -4 -10 -9 -7 -4 -1 -5 -10 -7 -1 0 -5 -6 -8 -12 -11 -8 -16 -10 -9 -7 -5 -6 -9 -11 -3 -5 -6 2 1 0 -5 0 1 -1 0 0 -1 -1 -1 -3 -3 -8 -4 -1 
4 2 0 0 2 1 -1 3 -1 3 10 4 2 0 0 5 3 2 1 5 3 -2 0 1 5 1 5 0 2 3 2 3 3 3 -2 2 5 6 6 7 5 9 15 9 12 12 14 20 19 22 24 22 24 21 28 27 25 25 26 29 30 29 23 25 23 20 25 26 21 23 23 17 16 19 19 13 17 21 12 17 20 18 14 14 16 14 13 18 11 15 14 18 
9 11 5 9 17 11 10 12 13 13 11 11 15 14 8 12 12 10 16 16 16 14 19 17 20 17 14 19 19 13 14 10 21 18 18 14 11 10 10 13 8 5 9 9 12 9 5 6 1 6 1 -1 -3 0 -2 6 3 -1 1 -1 -1 -1 4 -1 -7 -4 -3 -2 -8 -9 -6 -6 -3 -3 -4 -9 -6 0 -7 -7 -7 -14 -2 -4 -1 -8 -7 -9 -6 -9 -13 -9 -10 -9 -12 -12 -11 
-2 -9 -10 -11 -8 -10 -9 -6 -6 -8 -5 -10 -5 -9 -11 -3 -6 -8 -12 -12 -7 -14 -7 0 -4 -8 -7 -9 -6 -6 -1 -4 -4 -5 -9 -11 -15 -12 -16 -19 -20 -17 -22 -28 -25 -29 -32 -40 -48 -46 -50 -61 -66 -76 -71 -72 -83 -88 -100 -106 -111 -113 -126 -134 -141 -155 -156 -164 -178 -182 -186 -194 -207 -212 -220 -231 -238 -236 -252 -256 -253 -267 -269 -276 -272 -276 -283 -284 -286 -291 -294 -294 -302 -302 -305 -302 -302 -303 -303 -303 -298 -301 -309 -303 -301 -301 -298 -297 -294 -302 
-298 -298 -298 -300 -298 -304 -301 -303 -300 -305 -302 -299 -298 -292 -294 -292 -294 -292 -294 -290 -279 -276 -270 -272 -263 -260 -254 -241 -229 -217 -208 -208 -190 -175 -175 -166 -167 -161 -157 -148 -147 -132 -127 -112 -107 -101 -97 -90 -84 -83 -71 -65 -65 -59 -49 -49 -45 -45 -39 -40 -36 -29 -33 -27 -22 -20 -20 -27 -15 -21 -13 -17 -9 -3 -11 -8 -13 -9 -10 -10 -11 -16 -17 -15 -13 -16 -19 -15 -14 -16 -18 -21 -19 -15 -15 -16 -17 -18 -15 -20 -25 -18 -20 -19 -21 -22 -19 -15 -18 
-18 -16 -16 -18 -18 -12 -11 -13 -13 -13 -4 4 6 19 20 18 22 25 20 14 12 12 8 -8 -16 -18 -30 -35 -47 -49 -57 -68 -78 -89 -87 -92 -106 -109 -110 -115 -115 -111 -113 -111 -114 -114 -114 -125 -112 -111 -108 -115 -115 -117 -115 -112 -103 -110 -109 -109 -107 -110 -110 -105 -106 -114 -106 -109 -106 -102 -107 -105 -107 -107 -106 
-105 -102 -102 -108 -105 -105 -95 -86 -74 -60 -52 -32 -26 -7 0 14 19 27 30 34 30 18 12 17 11 6 5 0 -7 -6 -15 -24 -23 -25 -35 -46 -47 -51 -52 -58 -60 -60 -56 -52 -63 -63 -52 -56 -58 -52 -52 -54 -56 -56 -53 -53 -53 -45 -47 -44 -52 -46 -50 -49 -51 -49 -49 -52 -49 -46 -46 -52 -50 -52 -52 -51 -48 -45 -47 -44 -47 -46 -43 -44 -45 -46 -51 -47 -43 -49 -50 -50 -49 -47 -49 -46 
-46 -43 -39 -46 -45 -45 -39 -44 -43 -45 -43 -43 -44 -50 -42 -50 -50 -44 -35 -46 -41 -43 -43 -43 -40 -42 -44 -42 -40 -43 -37 -40 -42 -43 -44 -45 -45 -36 -35 -36 -36 -34 -35 -33 -37 -34 -31 -36 -33 -31 -28 -33 -34 -41 -32 -36 -30 -35 -32 -41 -35 -45 -39 -40 -38 -38 -35 -33 -33 -35 -32 -31 -36 -33 -33 -32 -31 -33 -39 -30 -35 -33 -37 -37 -35 -38 -37 -41 -35 -34 -34 -40 -45 
-42 -42 -40 -37 -37 -43 -38 -38 -40 -37 -37 -40 -34 -39 -40 -43 -34 -42 -37 -39 -39 -31 -28 -30 -33 -27 -29 -31 -26 -21 -22 -24 -29 -17 -23 -25 -25 -27 -26 -17 -18 -20 -25 -17 -17 -20 -10 -15 -15 -19 -16 -17 -8 -7 -9 -7 -7 -8 -2 0 -2 -4 0 -3 6 1 0 0 2 4 1 3 0 6 7 7 5 3 1 3 2 0 2 2 
0 1 4 2 0 0 -2 -2 -1 1 0 0 2 4 -1 1 1 3 3 4 1 -3 -3 0 -1 -3 -5 -2 -1 0 -2 3 5 5 0 11 12 5 9 8 12 12 13 13 21 15 13 21 18 24 24 26 27 26 25 22 26 28 29 30 30 28 29 32 32 31 32 32 29 29 36 30 28 30 24 21 20 25 23 17 21 18 14 16 14 11 9 12 4 4 6 9 14 10 9 0 7 5 5 10 2 11 9 0 16 7 15 8 
8 11 13 18 16 10 10 12 14 16 18 15 18 18 18 17 16 13 15 9 17 17 12 20 18 19 23 20 22 24 26 24 26 22 25 26 24 27 24 21 21 18 12 17 13 14 15 12 13 11 16 13 9 9 9 8 8 2 -3 0 0 -1 -2 0 -2 -4 -4 -7 -6 -5 -5 -10 -8 -8 -11 -5 -3 -11 -2 0 -6 -8 -4 -5 -2 -3 -1 -1 -4 -3 -1 -6 -8 -1 -3 -6 -7 -4 -4 
-4 -10 -8 -8 -2 -7 -7 -3 -12 -9 -7 -7 -6 -10 -6 -4 -6 -6 -7 -7 -10 -15 -16 -13 -16 -14 -11 -11 -15 -17 -21 -21 -31 -35 -40 -34 -29 -31 -31 -38 -32 -27 -29 -37 -41 -45 -52 -50 -58 -63 -65 -66 -77 -81 -76 -77 -91 -88 -96 -101 -106 -106 -111 -112 -114 -116 -113 -118 -128 -135 -144 -148 -158 -169 -176 -176 -185 -188 -199 -204 -208 -219 -221 -220 -228 -233 -231 -236 -236 -233 -230 -227 -232 -234 -226 -232 -225 -227 -226 
-225 -228 -182 -173 -173 -164 -164 -158 -150 -147 -145 -141 -134 -131 -128 -126 -118 -110 -115 -110 -100 -94 -80 -80 -75 -73 -67 -61 -52 -52 -40 -35 -24 -21 -22 -18 -8 -11 -11 -5 -1 -1 -1 2 -3 0 -2 1 0 2 8 -3 1 3 1 1 2 0 2 5 6 5 2 2 6 8 4 12 8 15 16 13 8 8 14 9 7 10 5 9 8 10 8 12 6 9 9 7 5 10 13 5 8 5 11 
7 7 13 11 9 9 15 12 7 9 11 6 8 8 5 13 14 13 10 9 17 19 23 25 34 34 34 36 33 28 27 24 18 20 21 13 7 2 -1 -7 -12 -15 -29 -39 -51 -55 -61 -63 -62 -67 -70 -67 -75 -75 -75 -80 -77 -80 -80 -80 -82 -84 -85 -83 -81 -83 -80 -83 -81 -83 -89 -86 -89 -89 -93 -92 -93 -90 -89 -83 -85 -87 -87 -85 -87 -80 -91 -88 -90 -90 
-85 -82 -79 -78 -79 -78 -77 -82 -80 -76 -72 -75 -75 -73 -75 -72 -74 -65 -49 -42 -33 -23 -16 -3 7 9 21 33 30 24 33 37 37 34 37 30 24 25 18 20 9 4 6 4 0 -5 -5 -5 -13 -6 -13 -11 -12 -17 -18 -11 -14 -7 -7 -8 -8 -10 -12 -8 -8 -13 -10 -13 -7 -13 -8 -13 -10 -7 -9 -7 -7 -8 -4 -9 -6 -3 -2 -4 -4 -5 -5 -11 -8 -8 -4 -11 -8 -10 -5 -7 -12 -9 -6 -9 -6 -7 
-6 -3 -4 -4 -5 -7 -8 -6 -6 -5 -9 -17 -19 -12 -9 -17 -14 -27 -21 -17 -25 -27 -33 -27 -29 -37 -37 -39 -41 -55 -55 -52 -63 -59 -56 -56 -62 -64 -58 -59 -64 -62 -64 -62 -65 -68 -65 -66 -68 -68 -70 -71 -71 -72 -68 -79 -73 -73 -73 -71 -69 -67 -69 -72 -72 -75 -79 -78 -76 -81 -81 -78 -80 -77 -72 -70 -71 -66 -70 -72 -68 -62 -64 -69 -71 -70 -68 -73 -70 -67 -69 -68 -61 -69 -69 -72 -68 -62 -70 -67 -64 -63 -64 -66 -66 -68 -73 
-65 -56 -60 -65 -67 -62 -63 -64 -62 -62 -62 -59 -63 -62 -66 -63 -63 -66 -66 -74 -71 -69 -63 -65 -65 -62 -63 -57 -51 -58 -55 -51 -48 -46 -44 -38 -45 -43 -40 -28 -33 -33 -27 -27 -28 -19 -22 -19 -21 -22 -19 -15 -17 -11 -5 -7 -7 -9 -6 -4 -8 0 5 0 1 7 1 1 3 5 5 8 2 1 6 5 7 6 9 10 10 6 5 5 7 9 3 3 8 5 2 10 9 6 8 11 5 8 7 7 4 9 10 
10 3 3 9 10 12 15 9 8 5 13 7 5 9 6 12 9 11 16 14 12 12 12 9 14 18 19 16 24 14 16 20 15 15 23 24 22 27 21 26 20 26 28 29 30 30 30 31 31 29 38 32 32 34 39 40 45 39 41 44 41 41 47 48 48 46 42 36 36 41 38 40 34 31 35 37 34 32 34 32 29 27 32 31 27 31 38 30 24 26 18 32 32 29 20 33 35 29 24 29 31 31 26 28 30 33 30 31 35 30 33 
33 35 34 32 35 40 31 28 30 32 29 35 30 31 33 35 32 29 30 28 33 36 33 37 31 31 32 38 36 38 40 32 35 34 35 38 32 29 31 38 29 26 31 28 29 23 20 24 21 22 24 20 21 16 17 15 20 14 16 7 8 12 10 6 10 11 10 12 3 11 7 7 3 5 9 10 7 4 6 3 0 7 3 0 2 4 6 
0 -10 -4 0 4 0 -2 0 0 0 5 1 3 8 11 22 20 20 26 23 26 28 30 31 31 30 27 20 16 9 -5 -9 -16 -21 -35 -42 -56 -63 -66 -74 -89 -89 -95 -100 -105 -105 -106 -108 -105 -104 -104 -102 -104 -103 -98 -103 -97 -92 -100 -95 -95 -106 -100 
-93 -92 -90 -92 -90 -90 -91 -92 -91 -92 -89 -93 -88 -88 -92 -86 -80 -77 -67 -62 -38 -24 -9 2 18 18 24 37 39 36 36 38 37 31 33 20 9 0 -5 -13 -16 -21 -20 -21 -24 -21 -17 -25 -18 -21 -18 -22 -22 -20 -18 -14 -19 -18 -14 -8 -8 -13 -7 -13 -15 -9 -9 -9 -8 -8 -4 -8 -13 -13 -9 -9 -11 -9 -9 -10 -12 -14 -10 -14 -11 -5 -7 -14 -17 -17 -11 -13 -5 -7 
-8 -12 -12 -7 -7 -12 -13 -14 -8 -7 -3 -10 -8 -9 -10 -1 -9 -14 -8 -13 -15 -17 -20 -23 -23 -25 -28 -33 -28 -30 -31 -35 -32 -36 -37 -29 -34 -42 -42 -39 -41 -48 -45 -45 -44 -46 -54 -50 -51 -54 -57 -55 -58 -68 -63 -64 -61 -61 -62 -64 -63 -66 -66 -63 -62 -62 -65 -63 -66 -66 -66 -64 -63 -57 -57 -61 -56 -61 -58 -55 -53 -55 -56 -56 -58 -61 -58 -61 -58 -58 -58 -58 -60 -61 -62 -56 -53 -58 
-57 -57 -62 -64 -55 -61 -55 -57 -57 -59 -64 -61 -57 -54 -62 -61 -57 -54 -56 -58 -57 -59 -56 -54 -48 -53 -45 -42 -39 -36 -36 -42 -36 -31 -28 -24 -28 -22 -24 -17 -12 -13 -14 -15 -16 -15 -13 -18 -14 -16 -13 -8 -12 -14 -10 -7 -1 -6 -4 -8 -7 0 3 7 1 1 9 11 3 5 5 7 2 4 4 7 7 3 7 6 8 5 5 2 4 
7 3 -1 1 6 5 2 1 0 1 5 2 3 5 4 0 2 4 1 6 2 3 4 9 6 0 4 3 11 8 5 4 6 6 9 10 14 9 10 14 19 16 15 18 24 24 26 26 23 23 31 28 28 30 31 31 26 34 31 35 37 34 36 38 39 40 46 39 40 40 41 38 40 40 44 43 40 42 46 40 44 43 41 42 42 44 42 48 45 45 41 46 37 42 44 42 42 44 45 35 42 39 42 44 42 42 49 45 42 50 42 39 41 38 42 47 44 41 39 43 41 41 38 39 
40 40 35 41 41 43 50 45 47 45 40 37 40 42 44 40 42 39 42 45 47 46 46 43 43 43 48 50 35 40 37 34 26 31 26 27 30 22 25 24 26 22 18 23 23 20 17 15 8 6 7 7 5 5 1 6 7 7 8 10 1 4 4 -1 0 0 -5 -4 1 -7 -5 -3 -5 -3 -5 -8 -3 -3 -1 -1 -3 -8 -8 -3 -4 -4 -3 -7 -4 -10 -3 -6 -11 -6 -11 -2 -4 -10 
2 7 7 9 9 5 5 8 8 6 6 8 9 8 5 5 4 2 4 8 13 13 10 6 -4 4 5 5 2 2 6 4 6 2 7 2 4 -1 -3 -7 -7 -15 -20 -25 -31 -36 -48 -56 -64 -70 -77 -82 -97 -100 -111 -120 -129 -137 -137 -148 -164 -179 -188 -196 -204 -204 -214 -220 -217 -219 -227 -241 -243 -251 -249 -247 -249 -249 -256 -254 -256 -261 -263 -265 -269 -270 -268 -265 -265 -268 -268 -264 -267 -261 -259 -255 -263 -255 -252 -257 -259 -250 -255 -257 -257 -253 -254 -259 -253 -251 -253 -256 -250 -250 -250 -247 -247 
-243 -246 -240 -242 -241 -244 -244 -235 -234 -236 -226 -223 -218 -203 -200 -201 -189 -184 -181 -169 -158 -149 -145 -130 -120 -111 -105 -102 -96 -92 -81 -70 -69 -57 -48 -49 -40 -36 -30 -29 -24 -22 -17 -15 -15 -14 -14 -11 -6 -8 -2 -7 -7 -4 -1 1 0 -2 -2 2 4 0 6 5 2 2 4 1 0 1 3 3 -1 0 5 2 0 8 3 0 2 -3 -1 2 0 -2 -1 0 -2 -3 -3 0 -1 -3 0 -2 0 -2 -1 -4 -1 1 0 
-5 -4 -1 1 0 -2 -1 -4 -1 0 0 0 -2 4 10 13 15 24 31 31 33 35 34 32 23 25 13 14 8 -5 -19 -29 -33 -49 -62 -63 -74 -81 -102 -108 -109 -115 -115 -117 -115 -117 -114 -109 -105 -110 -110 -110 -112 -110 -109 -108 -108 -107 -104 -106 -102 -98 -102 -101 -103 -103 -101 -98 -105 -101 -103 
-98 -98 -97 -103 -96 -93 -93 -93 -87 -74 -65 -58 -50 -37 -28 -27 -14 -8 3 11 21 26 29 32 32 40 36 38 37 33 28 29 19 16 13 10 9 -1 -5 -12 -17 -15 -29 -22 -28 -33 -30 -32 -32 -34 -34 -28 -31 -36 -33 -34 -27 -29 -23 -30 -31 -36 -25 -27 -24 -22 -24 -27 -21 -21 -26 -26 -25 -32 -32 -23 -31 -28 
-24 -21 -29 -24 -24 -24 -26 -24 -23 -19 -24 -29 -28 -21 -23 -23 -24 -29 -23 -31 -30 -30 -32 -32 -31 -27 -32 -31 -27 -24 -24 -15 -17 -17 -14 -14 -15 -19 -18 -20 -20 -16 -13 -10 -11 -18 -18 -13 -18 -24 -20 -17 -20 -21 -18 -15 -13 -22 -24 -22 -23 -24 -24 -28 -27 -28 -28 -29 -31 -31 -24 -24 -22 -24 -32 -34 -25 -22 -24 -33 -27 -18 -18 -29 -24 -29 -33 -26 -26 -24 -23 -31 -36 -30 -22 -23 -22 -31 -29 
-30 -26 -31 -30 -27 -26 -34 -33 -35 -28 -27 -29 -34 -28 -22 -25 -27 -34 -31 -28 -28 -23 -22 -24 -22 -16 -13 -13 -4 -11 -5 0 -2 -1 0 0 -5 0 3 -1 6 6 3 -1 8 5 6 6 7 8 9 9 10 8 10 20 16 15 14 14 15 21 18 12 16 18 23 21 18 23 26 21 19 19 18 22 19 27 24 26 23 21 26 
24 17 19 27 25 23 26 26 27 23 26 23 20 25 22 24 21 28 25 25 23 27 21 24 28 25 18 21 23 23 28 30 28 27 21 28 28 26 31 33 28 29 35 39 36 36 36 36 33 32 39 39 44 38 44 43 45 44 40 37 42 39 46 44 45 45 42 42 41 41 47 45 44 47 46 40 40 32 44 38 36 27 31 35 30 28 37 33 32 31 30 30 28 32 29 29 28 27 23 25 29 29 20 22 22 22 20 20 14 13 15 29 23 27 22 26 26 29 20 29 28 21 21 
20 17 22 19 19 18 21 26 20 25 15 20 17 16 17 25 19 23 23 22 27 27 28 28 34 28 26 26 26 28 25 30 27 31 35 35 37 37 33 40 36 31 31 32 26 29 26 20 25 25 24 24 14 17 19 16 14 21 25 28 18 19 17 15 15 15 20 20 17 19 14 16 18 22 21 18 14 18 19 16 21 21 18 15 15 16 13 15 13 15 17 17 13 11 15 
-4 0 0 2 0 3 1 1 -1 -3 0 -1 1 -2 -1 -3 -1 0 1 -1 -5 -4 -3 -4 -6 -3 -3 -8 -2 0 0 3 3 -1 -5 -7 -6 -8 -13 -13 -21 -29 -35 -38 -40 -50 -59 -59 -66 -76 -83 -85 -95 -104 -115 -127 -129 -138 -152 -165 -178 -184 -189 -201 -209 -214 -219 -232 -241 -248 -249 -257 -264 -273 -276 -288 -287 -293 -290 -305 -309 -310 -307 -307 -304 -309 -312 -311 -311 -306 -310 -306 -308 -306 -306 -305 -305 -307 -306 -300 
-296 -290 -297 -291 -291 -288 -288 -283 -283 -282 -279 -287 -276 -276 -271 -270 -266 -256 -252 -239 -238 -229 -222 -215 -209 -200 -190 -180 -173 -167 -152 -143 -140 -133 -120 -117 -103 -91 -80 -73 -66 -63 -48 -49 -40 -36 -29 -29 -30 -27 -21 -25 -16 -17 -19 -13 -7 -9 -9 -6 -2 -2 -4 -1 -6 -10 -1 1 -4 1 -4 3 -1 3 -2 -6 0 0 -5 0 -3 -1 -7 0 1 1 -3 0 1 2 -2 4 0 7 10 1 -1 -2 -4 
-7 -4 -5 -1 -3 -6 -6 -3 -3 -7 -6 -4 0 0 5 0 11 26 21 23 29 31 35 35 32 33 34 28 23 14 13 4 2 -3 -16 -18 -32 -43 -49 -57 -65 -73 -71 -87 -90 -92 -90 -94 -94 -98 -99 -100 -102 -96 -99 -100 -102 -97 -97 -104 -101 -91 -92 -94 -94 -92 -95 -89 -92 -91 -86 
-85 -84 -83 -87 -86 -86 -83 -83 -88 -83 -87 -80 -76 -73 -64 -52 -37 -16 -8 4 17 20 27 41 39 31 23 22 19 11 0 -2 -3 -7 -10 -16 -25 -25 -36 -34 -38 -36 -46 -41 -45 -39 -36 -38 -39 -39 -36 -36 -32 -30 -30 -34 -28 -25 -23 -19 -21 -23 -18 -23 -26 -20 -20 -22 -22 -22 -24 -26 -22 -21 -26 -20 -25 -25 -24 
-22 -16 -20 -21 -23 -25 -22 -23 -28 -26 -27 -26 -22 -20 -22 -22 -20 -21 -26 -33 -31 -28 -33 -30 -30 -27 -24 -19 -22 -18 -14 -19 -24 -18 -22 -16 -23 -21 -13 -20 -21 -17 -15 -20 -24 -26 -23 -24 -29 -33 -31 -31 -24 -32 -32 -30 -35 -39 -38 -35 -35 -33 -30 -34 -39 -44 -45 -42 -41 -34 -39 -34 -37 -32 -31 -25 -26 -27 -19 -26 -21 -23 -23 -24 -27 -21 -23 -31 -28 -22 -22 -24 -24 -27 -24 -29 -29 -29 -25 -31 -35 -34 -30 
-36 -34 -37 -34 -29 -30 -34 -34 -31 -42 -41 -36 -36 -36 -37 -32 -33 -37 -43 -42 -35 -35 -32 -33 -38 -37 -37 -34 -31 -26 -25 -26 -21 -29 -21 -18 -22 -24 -21 -24 -15 -15 -14 -17 -20 -14 -14 -8 -8 -16 -10 -6 -7 -7 -7 -9 -6 -6 -3 -11 -10 -11 -9 -10 -10 -7 -9 -7 -9 -8 -8 -4 -3 -8 -8 -4 -1 -8 -5 -9 -10 -5 -2 -2 
-6 -7 -5 -2 -8 -5 -5 -4 -7 -10 -7 -7 -6 -8 -4 -3 -1 -1 3 -1 -1 -3 1 0 1 0 -4 0 -3 -1 -1 -3 1 6 5 13 13 11 11 16 13 13 13 10 13 8 13 9 7 5 10 12 9 11 16 16 11 8 18 9 11 8 11 18 14 19 17 17 19 21 14 15 14 15 19 16 16 16 16 11 15 12 14 19 19 18 21 12 11 16 16 11 14 16 13 17 22 17 17 14 14 16 9 13 16 16 19 13 15 18 13 14 17 14 11 13 11 14 
10 18 17 10 21 16 15 12 9 14 11 23 20 17 14 10 13 15 23 25 22 21 25 19 21 25 19 19 16 21 20 17 25 21 19 19 22 20 21 18 13 18 12 10 13 12 12 13 10 12 9 6 3 8 8 8 4 5 2 6 3 5 1 3 0 0 -4 -1 -1 -2 0 2 3 -1 -1 -7 -6 -4 1 6 3 -3 0 1 3 1 3 0 6 0 1 -3 -3 -4 1 0 0 0 0 0 -3 -8 -2 0 -5 -5 -3 0 
